1669
3058
478
653
12883
5333
11890
11518
2483
768
10242
7303
5354
629
11196
4509
6019
4689
7664
13000
7757
6639
4417
3879
10844
2326
8448
9005
6817
6004
453
5468
8500
6638
8473
11001
5
8140
2002
12384
2340
8599
3283
1966
8336
3543
4971
2017
1533
1136
1805
11516
11772
6931
579
8603
1880
2179
1299
7207
6067
7217
1291
12354
11312
9239
38
3751
4464
1337
5544
11454
11824
5030
9757
11120
3371
5963
1790
4769
6411
8783
866
11132
3858
11925
2792
50
1024
1976
9214
5001
8419
4888
2554
9579
5752
9103
3215
924
11818
2131
6582
10259
10557
3466
4741
3542
533
1835
3369
4564
10313
8214
9186
993
6674
5179
12543
7580
1213
9477
1238
1993
4795
417
7931
6005
9368
7464
7438
4610
6766
7567
11254
3271
4938
10555
3500
1701
4016
2744
7997
1113
3655
7455
9559
8346
1066
4224
11944
2640
5565
7781
8364
3446
8227
4516
12722
5148
5078
9012
9485
5214
3845
4120
1704
5178
6190
844
7978
11626
2949
9976
12662
5547
6662
9293
6233
8265
5597
3052
12941
3462
5063
6633
9256
8103
10934
6906
5736
11384
808
4597
2224
12989
10007
5561
1216
6838
9332
12907
11085
10058
10954
11842
5988
6673
8733
103
988
2296
355
12351
5350
926
1280
6927
2573
890
6448
10032
5094
1013
6064
6257
9026
3140
11344
5692
4084
4482
7816
8727
11280
827
9582
1036
1112
487
4324
12017
4203
7803
9853
2665
9898
11171
7358
6394
9553
5293
11370
10526
12519
6410
10464
10614
6923
1194
5439
834
10086
4025
6843
7437
7628
1447
10465
8477
1305
11041
3869
9656
11329
11286
692
5562
1765
7603
8233
8549
7667
11122
9231
3608
11077
12465
1570
7907
8970
9555
4342
10866
7515
8145
2604
11062
5467
9221
11572
713
12098
6159
9233
7482
9788
5856
4966
3702
6826
680
5777
11422
10861
1199
1934
7359
10375
2919
3225
10210
8538
12901
11649
2365
1527
9934
8499
12427
12580
4287
11612
7046
2936
6600
2731
8092
10427
12110
191
11840
8624
4517
9999
8323
5379
12087
430
4569
9575
5056
5614
3852
10751
7645
6512
8661
64
187
5994
12641
6123
4588
6363
8690
1253
1688
185
8575
1833
45
2292
11521
12291
7157
9482
6388
10797
9617
10740
2350
3492
10927
11309
2129
1656
4425
2009
2643
11509
8921
3942
9980
11950
4232
10643
6505
10261
10436
7337
611
9746
10182
3886
9388
9275
12606
3948
259
4552
10478
8935
9085
6552
6791
11986
2885
5664
10649
7699
11641
3910
8611
1398
8014
2812
12619
7126
1515
457
8647
363
12432
1673
10095
5317
9467
1609
8493
8973
1392
1223
3903
5874
11762
2694
5974
3603
4732
432
544
10350
7297
5690
12397
23
12562
4585
672
4197
1788
8979
11956
1838
11755
9175
10248
6311
1195
9351
4210
3
9051
4653
7690
3998
3980
10312
10822
3514
5147
11417
6980
3432
10678
2607
7631
2598
8570
9166
12327
2912
9713
7976
10370
5916
11987
6467
3314
12625
7908
7884
5558
11373
4406
2513
10538
10523
11137
4719
9263
4698
10563
5643
1734
4981
1895
3377
3777
1857
9823
6544
214
10060
3554
11226
945
12897
8368
4606
7920
1618
11140
8845
12042
3648
623
3782
4632
4924
11697
5771
1022
3029
4995
13021
10107
9185
10554
12335
2780
4363
6729
1262
11127
10548
2562
10536
7028
2455
459
7966
9074
7653
2300
3870
6614
12023
2630
4446
6938
7836
8507
1791
3818
2201
4251
11192
8713
1189
10098
10439
7559
12278
516
3027
9359
2608
3224
7101
2313
9367
6872
11780
12461
4793
7767
2979
6866
2781
3121
11172
4893
5933
393
3456
6749
6672
8541
1356
104
13024
10771
11666
9538
12235
3293
3606
8088
3826
6912
197
7750
9271
6806
6559
4186
6086
6804
11155
10365
7118
3386
11640
9886
4826
11568
407
5400
2052
11075
9630
334
7794
7569
3227
2148
3623
2245
12396
1755
2918
4042
3971
3105
7589
9743
9321
461
11858
2578
5620
2097
5554
3352
3729
11428
2186
12533
4859
3539
1845
8275
1939
585
4577
12952
2366
11269
11935
3023
3628
3110
3723
11508
9609
12501
3568
8502
3827
9444
10777
59
11021
7155
6058
7869
11076
6290
6883
7904
3504
7335
4846
7486
3098
10553
6435
7786
12448
6567
9838
11247
4323
9674
10141
6901
333
10453
2746
10314
386
2027
11154
10712
1070
11536
6484
3868
5038
3065
11299
12345
4978
2199
10513
9868
4779
6234
10684
3923
5122
9273
8592
8440
830
1584
12721
6603
3270
1794
9028
3114
3616
10745
897
788
4252
1980
2725
4703
3408
12069
12189
10544
6867
7022
2787
6483
1562
5730
8670
4667
9352
2270
10738
1561
12275
2474
4444
5029
10832
4956
6075
2563
2299
3259
6905
5369
11388
6550
4390
5966
320
7278
10103
3613
8607
108
8173
10941
11098
10976
2639
4449
11879
243
454
8838
2233
5481
11064
3144
12035
5391
8475
10172
11249
12116
5842
11557
4686
6268
925
6204
2642
6275
7507
7209
6815
5798
12005
2745
2682
11435
1487
11566
3342
3847
10850
4200
997
1658
3522
2558
931
744
6793
7924
405
2860
2398
11283
167
2092
10880
7591
5175
12536
447
8004
5339
3414
11387
12467
306
9867
5044
1933
5738
5244
11036
3712
6710
6488
3148
1407
12768
5419
5623
2413
6800
12628
5607
6811
6166
12826
6595
6696
5596
1877
10413
7642
5448
12336
8634
1521
135
2014
1306
5103
10416
12500
1
11272
5232
9305
2611
12352
12884
12019
5612
12653
10156
477
97
5871
9806
1252
4619
4283
2099
9016
5892
12776
4465
8749
9096
6911
361
2173
4802
4917
9989
9296
458
12910
1167
12157
8487
337
2034
12968
6540
5634
491
10366
9287
2276
9342
3171
4496
12542
10961
10048
3765
11631
703
3269
9248
10565
6210
11659
8626
5632
5392
9092
7863
2606
3620
7592
3832
215
10892
9245
3261
8775
6596
5745
9456
12469
7418
3230
6737
5604
10157
6293
5441
3541
7395
8685
3670
5501
4454
9209
1610
5077
6501
11896
9407
6877
1467
5455
4401
7266
12934
3106
6404
5940
1069
6631
11469
12733
8787
1634
12009
2110
1179
7850
285
8623
5130
8411
7889
7501
9461
9498
4965
3470
5050
1389
11003
6999
7351
6725
274
602
4634
1599
3263
10499
7697
2589
3730
3255
2108
971
6652
7736
13023
10838
139
706
2579
8167
7336
3823
5386
7713
1874
10870
4946
11257
10360
7453
8887
5324
2585
12846
6577
12114
2539
10988
150
9108
10369
5241
6037
6182
12365
12364
496
9141
2075
1699
6518
9322
9749
6447
6141
8855
9767
9518
6739
11761
6904
11514
4161
12033
12151
10262
11351
8629
6913
709
255
3943
6276
12877
4614
6611
6894
10605
6375
9457
5853
7957
7833
7938
8632
3586
3048
1917
6775
11806
3807
2494
6727
2581
7026
3629
10837
10779
6987
6087
11220
5308
11162
9744
2588
5511
2450
10348
6472
512
10196
6396
1590
12622
10223
12693
7841
8074
10932
6678
4902
7494
11864
1813
1702
649
12268
8529
2424
9640
1154
6206
3488
3454
1657
3639
12725
10899
823
6619
5868
6954
6925
307
2465
11377
6695
1578
6082
9136
757
10611
3703
2691
1715
3695
5885
7102
2153
8568
7815
4815
11239
9906
8677
3059
4990
9522
2194
2771
12139
9100
5654
9921
11635
12304
10082
1271
8222
4818
7234
3941
7766
9693
4724
12820
3484
8066
3611
4116
8846
11063
8788
7368
11600
863
5806
6315
8984
12097
1141
5559
2429
8874
7888
3970
5495
10207
6571
8759
8657
6853
2210
10592
8906
992
217
1175
11705
11513
580
5814
12134
493
1919
6617
7827
73
3115
8480
11675
5098
4654
3316
91
4177
8238
3575
11158
7398
11011
4119
8557
4338
4442
11897
9286
7284
7704
11694
2532
3228
3329
12634
9219
2711
8817
3415
5883
357
8914
12443
1913
4546
4576
3978
11080
4183
10282
12922
10322
1950
6297
11574
11511
7421
8241
11756
6466
10336
11805
435
11451
5474
6478
202
9600
6622
12741
7967
759
12121
6618
8045
1187
875
4424
10647
975
2442
6744
10402
8805
2565
1925
11271
2707
10585
6565
11009
6462
3705
6221
2834
2794
11545
11235
7881
8658
3250
7557
5165
288
621
54
5367
1502
1508
3257
10094
4987
1353
10590
2318
12637
6740
8933
2130
4399
842
10434
10550
2842
11185
10966
4541
1766
12706
1455
5774
388
5106
2926
1382
8551
12481
1532
9147
10121
10239
599
5591
12180
4825
4955
1775
5910
7210
964
9410
2021
11940
3433
7324
292
8268
1048
12684
4074
11929
9723
2504
11089
7462
11436
3512
9070
8683
9195
10457
3308
12727
9104
3783
2953
309
5742
8543
3641
4808
10691
12609
11846
12929
903
2168
8252
5750
1201
344
2105
4642
9163
4471
9464
10869
5351
9829
68
10705
3570
12819
1568
12191
11952
1310
5463
10271
8613
12576
4636
7955
6092
6497
11138
5824
6541
12577
213
2719
8185
7420
8072
8780
10324
9270
3459
11802
12143
7347
1843
1524
11209
9110
3077
6986
11978
6880
5945
8863
2782
12071
10721
10742
3600
10010
12604
10883
6773
9348
9786
414
9385
12626
4243
5146
2012
12142
747
4962
1603
4973
2729
2974
10765
8712
1759
9945
4436
3404
872
878
11632
762
8139
7361
3769
6973
11742
2894
8542
4984
6314
10153
8601
5997
3430
12272
4445
12296
10625
226
5552
79
4187
8381
7451
8282
7244
10965
921
2264
10159
8800
11724
8106
5297
587
1552
7530
6697
10483
1011
9531
3968
5227
476
10217
7483
12602
3339
1528
761
4531
4179
9644
11971
77
8267
8198
12849
6847
6808
3474
12953
12739
8559
6579
639
5022
11549
2675
12233
12363
10559
3518
10209
7286
3078
1427
8535
4720
8024
6796
2976
2674
1937
8524
10981
7793
6929
4624
5154
8254
10662
438
5822
9396
7448
6195
6270
5704
8226
8847
8372
4061
8839
8662
7080
8384
12917
10040
11865
7408
6534
6983
8121
12769
1371
2309
2123
2047
8540
616
1662
11706
9213
9440
1067
4827
4023
10368
6486
8175
8358
3529
2761
11903
7682
7601
3651
1547
9291
5150
2418
2286
12385
3093
12022
11534
10158
2603
4985
11827
2144
11619
4659
11238
5152
1612
10810
7990
7670
6245
10257
6252
4820
10306
6777
3846
9850
8130
7821
389
7951
11465
10417
29
10722
11551
3680
4359
825
2651
4969
1602
5601
8195
9652
7362
7710
10694
5024
1244
9249
7199
12299
12158
6057
4753
12569
4044
4600
4803
5121
4848
4778
12918
9947
11663
7088
4967
4110
12113
719
6007
12112
5648
4895
7496
5813
2663
2740
1896
2760
5193
11502
9099
14
1655
2763
3975
10019
8146
495
5446
3577
12178
3158
2091
1476
697
7345
11676
1681
6334
7760
10136
626
5767
10772
4550
4525
5289
1579
5381
11091
6151
5010
9619
11912
8108
6546
7030
12106
11201
2857
8875
1542
1107
7477
7134
11660
3506
8347
5336
7411
12413
6118
1483
4752
9952
5739
4798
6690
10668
12211
3103
5756
10471
10895
1261
5827
1456
498
11113
6628
7476
11290
10785
879
3622
2553
8405
11396
11585
12405
1944
1720
9933
1649
7034
1058
1675
4491
5675
5747
11746
8645
9138
8055
2544
11589
6918
1859
11850
6326
4326
12292
7677
5570
5857
557
2908
3802
4004
3239
11131
3174
444
8149
6100
11540
2848
950
5081
237
843
6640
8835
8019
4537
5625
5384
7812
6598
5006
8061
4284
5569
8879
11181
7548
109
11885
8224
6722
9140
9427
9355
7878
2984
824
4866
2865
2072
11250
9199
11650
2927
12632
7948
5249
12425
6345
4553
8450
12587
9232
9161
11434
264
880
10339
10597
10338
4515
1785
2335
11918
764
7424
5451
9870
9366
358
1266
941
9709
1434
12572
5137
9513
8880
9918
1303
12887
6077
6421
5128
8833
3457
8261
5575
6071
3277
6477
4299
5242
9361
6532
7300
9308
9421
10775
6024
3353
3496
9115
4165
9647
9552
10493
12356
3494
12516
12876
10057
6686
4988
6335
2029
3856
10633
9994
5923
5638
1295
9059
5413
11413
12964
8907
11866
5788
406
4065
6287
8017
7662
10671
7875
2699
12048
4049
2591
2853
8133
12735
12510
2861
11477
3126
1328
4426
8385
6755
3642
575
5782
420
3677
3668
4205
12861
8871
11475
7352
2140
10327
4407
10166
4158
6797
11932
11190
6852
6337
11260
10364
7606
2981
1320
9065
4309
10634
6970
7186
11817
3465
10985
11407
11301
8111
5254
9825
5534
8841
4497
3047
8771
9060
984
74
7239
7142
8840
9112
12361
5215
10088
6081
12599
3210
6538
1202
7897
2776
10507
8393
1169
4937
2495
2545
5555
3244
9872
4472
6630
10226
3116
9488
10576
2293
7504
2040
4711
12937
6842
9116
4975
6368
1365
2807
12744
3753
9810
8505
6821
10145
10273
5356
12321
6734
1461
12166
7522
6358
7141
3984
6656
2564
8482
3417
11799
1902
11159
12290
2181
12167
1410
2237
6921
4801
8243
4635
10967
4100
12132
6227
10806
737
9329
12987
10373
11281
8808
10092
5500
783
7382
9495
3747
4211
1959
1459
1968
1489
11624
9694
9727
6126
11591
6774
4488
10808
10232
7926
5759
7137
1077
4514
822
7783
12252
5496
10601
3005
3119
8864
12392
12300
3088
6033
3008
7075
9223
1879
12073
2572
10825
10124
10502
7571
2477
12750
6982
8037
2077
10345
6109
4440
1191
5660
4249
3690
7726
9473
6047
10084
5670
9668
7213
7116
428
6176
7031
7276
12671
5398
2065
8618
9317
2943
5717
6885
4838
12737
12875
7714
4894
7503
4792
474
5653
8489
10642
7180
4121
11274
4783
5233
2094
11479
11117
11336
12960
4314
2312
12081
10347
8563
141
9536
10778
5408
942
9725
7404
7229
1373
3892
1767
627
1335
1975
85
4920
12100
12857
1703
953
6563
2689
6922
6370
3944
7099
6078
11505
1677
2051
5349
3704
4835
12298
9993
12271
8659
10686
10397
856
8047
9987
4276
8768
2622
5755
7651
483
2266
3012
4086
10049
2358
11070
6015
9809
5420
6074
4101
4977
16
12736
8806
3682
5633
3181
1123
339
8622
1183
10122
4534
9828
7348
6903
7018
9177
8650
12531
5716
12718
5074
4212
9812
11433
7679
11707
1109
7623
8531
6449
8868
3188
7288
12155
2302
2876
4501
5013
3599
7380
8651
9020
8190
5893
6720
2024
5224
2138
8681
2910
1614
7506
5109
11166
8360
10569
3245
9278
1149
1405
11553
7773
2175
1652
8142
7072
5042
1991
5135
1926
9784
6429
11863
6700
7825
12006
10874
4229
10004
2372
7555
6415
8219
3104
10050
10127
3760
9125
7624
7110
9484
11322
10171
4082
280
12182
9013
2198
5770
12850
6349
8891
10125
7602
6205
12316
7369
2737
3762
4166
7440
9941
10852
3062
873
7265
345
8668
7055
12581
4829
3294
12971
4267
10917
10512
10091
8990
1441
7575
567
6937
7044
10449
8492
1604
7917
9047
1333
12761
4070
9475
729
10486
6191
8608
7960
12803
11056
3839
8469
7572
6344
8725
5261
5278
12175
1241
2343
10177
8513
5556
1615
6514
3177
399
5358
11251
1307
5360
11071
6043
9624
5209
1566
175
9448
10886
4629
5998
7139
1032
6593
5624
4670
3262
1122
11992
10367
3731
10516
3930
3234
7013
4901
4236
2303
5999
11338
11506
102
753
7111
2415
11561
12716
1892
8767
9638
7717
8616
1763
4108
2337
9678
11177
4932
205
10285
2946
8539
595
121
7776
6364
4843
10126
10362
4673
6714
7104
9149
11357
4132
2419
862
5071
8170
8277
2142
8941
12839
2617
2497
3806
10222
6105
5295
12104
10537
236
7226
3792
8724
5560
9608
1969
10669
3740
7174
11891
4394
263
5371
3889
9015
7366
8636
2251
4754
473
8872
9965
11719
12093
4050
8188
2397
9895
9696
7012
4373
11101
149
10726
11002
2942
6369
1597
10831
11487
2679
6510
2133
12513
19
1414
6948
5971
9685
5505
4345
11894
11893
5737
1383
10335
6146
12208
10654
6728
11784
9747
312
7543
411
10955
4567
3918
8481
9924
939
6085
6361
5590
391
4059
3251
6759
1245
8409
3994
10440
3368
1173
4339
8848
3019
10342
3617
8340
2028
12368
12763
5795
4782
6836
11223
9234
4012
9280
3248
6487
12185
8332
819
4322
11931
12244
12486
6180
10756
11391
11895
1860
12283
8490
1842
1650
10741
9920
1197
3495
7743
1922
3557
6754
1091
1037
1138
2369
11515
12237
3939
1784
12630
1923
8163
8802
8722
3436
7093
8312
3001
6952
3666
9429
2459
7114
1076
12067
3759
12192
1229
7788
604
898
4112
1595
7121
11482
5440
8402
12858
5608
12796
12786
11106
2427
6431
3183
8546
8550
13012
3450
4366
981
6520
9680
11889
8038
5305
8248
423
7729
7095
11648
3905
1995
4296
5748
11478
4053
1422
5818
2773
5327
8328
3043
8633
5206
84
211
11495
6433
12146
12159
8128
7302
5595
12350
18
6174
5313
2993
5414
30
6899
7463
11103
1016
5580
905
3517
12644
7311
13004
5800
5332
11069
2426
11165
7270
11765
4421
10639
7828
7991
12092
1806
5002
484
519
290
1998
7595
11399
319
3350
3205
3644
4275
572
52
5862
4403
12950
790
11861
3610
9294
7520
11372
3125
10724
2859
5766
7661
2164
12207
5802
11789
1344
10407
9409
9882
6997
8165
6664
1682
6778
10340
230
10711
1462
9556
7800
7285
2190
7612
7004
4414
1420
3800
9360
4176
2020
70
10303
8527
5749
5131
8337
5267
6589
4807
5104
12977
695
12681
8562
1301
8547
8147
9027
4085
7341
8530
5622
7770
11460
6301
12171
7214
3178
12051
1676
12377
3435
9211
7432
11909
11680
12871
6641
11716
9470
11535
10680
10796
2629
3921
6278
3553
617
9044
1799
1771
11439
11687
8686
10266
2862
6566
422
2207
8523
5345
2522
12614
8373
3755
9885
4950
11473
7435
10958
3637
9122
8294
8179
2924
5447
4193
6104
1409
115
7982
5964
1080
6070
9101
11795
12591
4009
1128
2261
2821
369
75
12943
11448
5541
5906
5985
10475
1236
8794
1674
10959
7409
5253
8193
4824
11404
8766
4263
5907
9507
12715
3523
3813
6273
78
48
9843
465
10286
9893
10216
929
8176
7873
9754
8815
5436
12747
8455
1387
3165
3060
2913
379
3388
2147
12550
9431
711
10613
7621
12301
12030
5943
7314
909
10546
7531
12140
11665
10163
8790
8065
12355
2867
6884
6327
1332
4584
6851
5476
3434
381
4628
10969
137
998
4310
12939
9621
625
2222
7294
11057
1200
7802
1178
10865
805
3887
3987
10394
6586
8218
1668
7695
10600
466
837
11343
5116
9014
3223
5939
6093
10847
10698
9237
382
2231
11783
8876
10351
11808
12749
1760
8762
3155
12712
1586
3291
12717
11652
3298
974
530
5164
1047
7176
4841
3411
6971
3461
4630
1093
8663
11430
9899
7823
7023
58
12882
687
1249
3936
10250
9316
392
12066
892
1643
3022
3906
10332
5394
6539
7172
5096
2453
206
1916
11651
5310
12685
2007
10703
8397
1367
6762
10894
2126
4605
9181
4951
2681
5266
9563
9834
12788
2989
12084
10269
6009
9728
7037
10732
7539
3370
3990
7810
3393
11771
4709
1423
8584
7073
12010
12282
8062
5996
7870
4149
9864
1057
4527
2086
5415
4734
3550
12080
10568
4400
4856
7396
613
317
11116
5815
1210
11732
7417
4716
11029
12698
7899
4679
4184
7723
4489
6377
11639
6850
4604
9611
7716
1257
4246
4817
7831
10299
12707
9817
7545
8374
7493
8702
7775
8598
2710
6562
11573
3427
8936
3662
4076
11751
5518
6849
12039
8822
12493
9718
3320
8639
3657
6615
5546
698
6028
3192
8917
8972
3667
10292
3770
127
6588
9707
10194
5373
10031
901
935
4928
6823
1773
12762
850
8758
2462
8617
12631
286
586
5922
7164
2348
92
3075
5594
3814
173
8102
6162
927
6685
6397
4484
2379
7129
12227
12238
11375
2637
4788
10466
1778
1230
12879
2633
2045
3123
8208
2298
9557
9365
397
6991
5060
6535
7367
11713
12220
4395
10442
10727
6277
3555
8200
7480
3843
2795
442
1250
8837
5684
9551
492
3384
1293
4706
1824
12999
10231
11073
6
3821
11346
7886
5473
10695
6026
4945
1319
2346
5141
5886
8114
6873
7007
9790
2582
10077
515
4318
8951
2378
8290
5445
10784
10110
4548
2728
3348
1020
577
12620
8057
7835
1284
12993
7721
11222
5628
11059
4595
4529
3032
7471
12740
8594
12742
11406
12564
6418
11018
9162
1415
11778
2433
7576
6149
11822
426
6066
2071
4453
4138
8331
9143
2259
4233
3364
786
943
7649
5271
7550
1500
3673
3698
8174
11340
6387
1003
10983
4272
9118
9243
2673
9171
6050
6200
1523
601
8890
9358
455
10757
10948
11499
7456
7113
6318
7822
770
4507
128
3880
12105
5058
5551
4268
2022
12573
11317
11472
11500
6558
4367
4364
11667
2990
4944
1724
622
565
8478
118
10482
7228
10834
1493
3904
10532
11014
2321
3163
4088
9072
416
1012
10824
9439
364
3365
6926
11962
6384
3732
1505
11361
394
10106
8574
6249
3724
3758
10227
12673
6158
12756
3021
12815
12329
6285
6034
5763
693
4217
4173
2988
5510
10
8988
7364
8043
2527
6507
9857
8107
6855
8291
7791
7307
5514
5819
2275
62
11636
4125
9897
7579
10099
11849
10197
7996
5502
11646
731
5840
1097
479
8300
7751
4580
6946
11760
1986
1488
9428
1921
8221
1705
6107
12293
9145
6896
6132
6302
3006
7316
6814
6283
4931
12931
1849
12692
8105
6961
10015
7665
3276
10762
5047
11642
2447
9458
6157
7407
12149
189
3153
67
8016
7700
2863
4033
11937
8249
12892
1321
8850
7706
11722
6500
2287
9300
456
6419
5083
10619
9986
2845
5733
5667
10246
11442
8228
3256
9340
12546
11577
7301
107
3396
8695
7906
439
5723
12307
12966
1289
9353
2216
6189
10736
5396
6635
605
11816
4503
9916
9264
4142
5627
9585
10924
6627
3924
11408
5762
13019
4940
8605
8744
6870
5283
679
8260
11634
4953
8971
11907
2038
952
3306
5606
5273
1452
134
1360
7273
3595
7806
3317
9985
11414
6705
1087
5861
7201
2524
10581
2870
12760
1814
3841
12593
4700
2400
4658
7212
9542
840
10002
4979
833
1378
3452
3154
9565
11638
3590
8116
3315
10916
2813
4522
8506
7565
3429
2937
3728
6108
6193
11123
3884
3290
43
12262
1513
8816
8303
8866
2631
1996
7630
2315
8295
8978
9811
9347
2473
5140
11315
2030
4921
8640
8612
1585
10530
10030
8899
7585
6878
7947
7646
6735
12771
11088
11149
2904
12682
8590
7282
8510
6177
10310
745
258
8178
11576
8628
8357
6835
8343
11416
2154
12679
8595
1435
2239
5076
9126
7429
468
6135
126
4452
3425
3213
1906
4568
13007
2939
11176
2837
11313
7596
8694
182
3355
8379
11848
4726
3995
7787
4164
11599
12478
9634
5954
6730
4620
12393
9281
6340
1987
5593
10410
5299
6018
574
2460
4002
443
11609
7563
635
2171
12324
7693
8715
12302
760
2998
188
922
12412
10587
314
12557
5880
10973
10454
10849
9514
6450
3321
10696
1481
5589
5263
12007
7416
6179
1563
9411
11082
861
3956
6040
900
9364
7042
4307
3952
7696
12400
7577
1900
686
1381
8461
4645
425
5018
5783
10170
1588
10612
2289
7133
3683
6632
1050
5444
596
12842
3231
3752
11974
5019
11212
670
431
4565
11437
9597
1150
5472
3258
5805
5466
8321
11622
11597
10799
267
12506
7205
12347
8924
12957
3235
4381
11119
11887
7731
3927
851
6654
7536
12484
10211
12260
4317
7183
7993
8394
869
2067
6059
10780
8432
1826
3561
10024
652
518
7243
5484
2384
7992
9711
3735
12064
2271
4068
5579
8643
4974
4781
10920
9580
7598
1270
10760
1850
1140
10888
784
3346
8737
6711
8030
12428
3118
4678
10422
4746
1151
4371
10876
7541
7230
12680
11480
9178
7599
4694
9824
9389
2118
8596
1351
1904
12672
10116
6035
9667
955
1460
809
7027
8797
3343
10283
5645
7263
8129
7461
6959
1661
3907
10702
8757
12488
6479
11163
1357
8426
7399
9480
11565
6760
3663
8451
10556
11730
6782
192
7915
11943
11876
772
6648
12280
2829
7124
5987
7048
2833
7929
7953
885
2571
3849
499
7485
8676
4480
3516
715
1362
1429
12560
9200
11628
1254
1947
11580
9297
3589
10433
10215
8099
10596
7925
669
1753
3917
3024
8157
9733
7647
722
1111
2209
3160
1155
8854
5615
10150
3025
5835
8660
3219
1554
10446
10174
5851
5494
3186
3963
10717
10730
1255
5709
11710
3498
12076
11662
5464
12530
8867
6499
10817
8985
846
12245
1401
11923
10142
2320
3133
5236
12731
4914
6676
5453
4397
7538
1496
7769
2655
10187
2212
758
508
8560
5225
1690
6185
8508
3216
5698
1438
7587
4075
7194
12107
7378
6669
5799
10853
936
1548
6751
5586
9057
4250
9735
5268
3249
720
8182
7269
11830
765
7439
3397
11544
7762
3243
1710
4130
2392
9564
8684
8789
5581
12829
9137
1639
841
11208
9148
6985
8983
10164
160
2109
1182
7325
8204
2559
4867
5196
5990
3966
2839
2518
12704
9961
12285
8053
10947
6693
4923
7149
4350
7002
1164
6217
2680
6692
10504
547
3801
63
5772
6350
12250
5726
2670
8585
701
6124
1313
6355
11425
8889
10879
10809
966
9449
3776
1918
7144
11241
11109
11501
2735
144
5322
12831
5423
12390
10137
3578
2706
12333
12099
7809
1898
480
11584
10690
7059
124
6825
5036
3817
9432
299
10205
7238
8417
12057
7107
9995
7006
467
2567
1864
1399
7795
1395
3026
5416
11393
12209
9820
10925
5129
4139
1781
229
7185
7250
12054
12853
6812
12383
5288
6139
2914
9660
10560
4111
6840
1267
12864
8888
12417
2903
13002
3720
11543
3967
2583
6254
12908
2620
10133
839
678
5850
90
5930
5376
6474
11945
9917
7730
2774
3795
7060
3187
8870
2274
5478
8341
1994
10942
8673
10462
1640
1235
9327
1198
1646
11791
8319
12277
6329
10038
1546
12
7782
10629
8101
5825
2390
8213
1007
7799
8119
9313
5269
1754
8467
8097
4079
2965
7405
3264
3013
7487
8287
2152
4929
4374
1491
2290
4948
7355
5201
3789
7145
7808
11358
721
51
1015
591
8536
9665
177
1812
4241
9688
11773
5489
8082
11781
2042
10676
3273
716
9990
11792
8779
864
8363
12058
5743
8041
8089
3912
11141
7556
11326
10926
448
4582
5469
12886
9618
7845
12177
11339
2066
6979
12809
2136
10821
4502
4460
4352
6259
7150
1744
8098
11004
4684
12404
6585
9816
12633
6712
2818
3675
3558
8391
5865
10729
10062
9509
4790
10841
10026
8100
9534
6930
12891
2311
4486
4277
12988
3229
5517
1912
2412
9977
5348
1068
1530
8283
4305
11010
3687
349
2250
8495
6601
4669
1463
273
10739
7499
3406
4657
7533
9881
7087
158
10359
2208
3237
10111
4083
3402
8882
2762
5830
12460
4008
6017
4725
1451
3602
11224
12466
5075
8376
5380
1714
6665
2090
6475
5290
10258
11261
7772
9054
193
2159
8679
2026
7637
882
11860
7532
2360
2873
4849
5340
5663
9969
12328
11467
9836
12734
12188
4511
12512
12070
1329
2227
782
12083
3127
10179
6864
3835
12754
2960
3774
9687
472
2371
4332
603
8554
9599
7427
6461
1938
9588
2443
2717
3379
894
8898
12133
9831
494
69
2715
12439
8730
2401
1131
3713
8519
2628
9635
6868
12339
8316
3545
6653
6173
9019
9658
2044
3681
10219
7370
12806
11763
39
4570
12985
7166
11353
10357
3779
3624
1522
4045
2220
7161
1146
7552
3211
9851
10792
1119
1915
10090
11232
5112
3636
2841
8090
2464
2975
11947
8555
9880
332
7505
9944
1637
8390
12031
5252
9598
5816
3916
413
7168
5306
10496
8582
6296
9374
7584
9068
7746
4999
7608
6746
10260
12120
1444
11570
8689
883
1166
8944
8230
1259
3280
9018
9063
4890
6119
12905
7790
1110
9076
1598
10807
5302
10766
10249
6402
3579
8439
12387
1008
9106
10105
10887
470
156
6359
1730
12902
11007
5574
2997
5051
1628
794
184
7660
5402
5025
10191
9289
4796
9225
2081
7068
154
11466
7014
9571
2791
11696
7779
1514
12231
2322
7043
4315
11025
962
8378
1331
8705
8716
7862
8895
12881
4934
5417
11160
3552
6001
5397
12913
7622
7152
884
9541
4169
6831
5185
5804
614
2033
7832
6780
11354
3860
4131
403
11318
7930
2602
2786
4005
4078
4316
8916
6044
2011
481
6526
10284
10288
10764
7274
12424
7554
6900
10101
5808
4697
4351
9984
2004
7970
10992
5522
2709
12502
11252
7349
7105
977
2736
5362
12077
5970
539
7061
233
3763
9478
8081
5790
10666
3569
7701
12932
10201
2003
10078
7436
2213
11143
7668
9826
5658
7656
10653
1044
6530
2866
5374
3354
12059
5817
2349
3331
10120
2184
3591
2978
11371
4583
12944
12357
5328
365
269
800
10355
471
8266
11669
8124
2877
2929
5576
5538
6446
2768
796
2561
6557
11020
7797
11839
3501
8152
8980
6590
2817
10963
2115
2451
1498
10938
5734
2437
3982
242
4785
6807
5370
5174
11348
4731
4852
6030
9732
8965
10936
12186
4814
9540
4301
10169
10706
11862
6390
4271
6636
9259
11253
7103
7089
2192
398
1471
4608
9030
2634
12281
9705
9649
11721
2668
2528
2703
2368
7719
5977
10589
5195
2661
294
4986
450
11736
5133
3120
10391
12962
3449
11966
11042
4868
6569
11079
9577
8928
2757
11875
1296
3972
1953
3609
7218
5564
12787
12402
9285
5908
522
3951
7709
6046
12270
6272
11671
253
5769
2811
8537
6261
3279
810
11213
4959
12075
6338
8215
4040
12755
3440
6584
1743
4029
4791
5728
7393
10149
1905
735
10549
3746
7178
4603
5314
8892
12491
11323
5588
9651
9357
12872
1556
12274
4080
95
4090
4379
12561
3209
2062
3287
10986
3042
1962
11517
1361
12813
11067
11040
6312
11429
5696
9856
2551
2039
4207
9695
4147
1059
3505
7902
6803
11554
1021
227
2550
7525
501
5487
2659
8631
5617
11355
6597
8909
6196
10854
11488
4737
11189
546
1490
5876
6389
658
525
8040
1190
10915
10583
12470
3897
4602
6543
7241
9251
9046
9760
12313
10361
147
5765
1031
12203
1273
1779
12859
10463
9437
8825
36
10845
10405
10134
3275
6186
705
11847
3135
8371
3979
8884
11725
7495
11581
12060
5578
5176
6333
11115
5344
346
612
6801
276
6699
5504
6683
12027
11463
6148
12172
11815
5323
11035
4415
632
374
11211
6155
12079
11743
12065
11892
11844
6701
11255
1338
11462
8925
2951
5764
5901
8786
4189
5864
8042
6482
10960
10385
1830
3653
7891
11027
3708
12726
9740
5715
4448
5890
7177
4926
5454
8375
356
10363
2438
712
3054
11868
5722
12286
4559
3390
9773
8465
9751
5189
8003
12440
3525
12904
10398
11152
278
7635
1883
1960
194
5744
12532
12194
4170
8123
3064
4983
9040
7688
6724
4032
10042
9684
12129
5492
8991
1103
10759
3825
12610
566
793
9413
9160
3562
1363
6591
10152
5234
12366
11194
12380
5935
523
9661
343
8422
6342
10728
4346
10715
5084
1858
11044
10529
10085
8435
7740
5572
129
275
8414
5465
12306
2835
4289
2280
5093
11678
778
10199
3083
6604
1732
11874
2896
4882
6945
11715
8447
3805
5621
4833
5262
7848
4677
11701
3883
7092
9268
7813
8498
9153
9670
3857
1157
4470
5216
8274
11118
930
9830
3983
3096
11097
3431
6032
4077
5984
10794
11804
2920
1671
8579
4175
12714
1380
610
2808
5867
9783
9992
4963
4898
140
8015
2756
5516
9050
996
8002
11288
11369
11061
6178
10037
11405
10419
10412
5677
8698
9502
3863
3362
2080
11168
5854
8577
1278
11455
5491
11314
9109
5936
2809
11180
7759
7613
9607
6240
10458
323
10561
1942
2114
9493
2816
734
8151
2584
1100
11438
552
7753
12454
10408
9748
11969
7262
1875
7489
3108
8155
10725
2712
9973
12746
6303
2541
3214
3131
7426
4623
2928
11946
1941
4396
287
5207
7167
12229
7041
7780
11558
4227
1494
6294
8464
2103
1207
2496
7019
4879
11703
3218
10933
3082
865
666
1623
13018
10632
8504
12219
10509
12648
5961
6265
7431
6854
1400
5054
10578
1086
598
2185
4743
2868
10432
8509
3050
2999
9827
6231
10673
3447
3076
9447
8785
8203
1872
10438
3593
831
9978
4840
11310
1924
12409
9720
9777
2772
1248
8039
10330
8001
11394
2917
2468
395
4258
2695
7379
8853
553
8926
5497
5325
3017
3567
11567
5073
7259
4508
7148
2836
1517
11738
9496
12199
3928
9226
10272
3085
9168
4942
6014
8769
2253
5231
4589
2087
12340
6441
11991
6533
7363
2288
11334
5948
8292
9033
888
11526
11979
1929
8161
5312
8923
11476
8665
699
7481
10494
5157
5062
8441
3409
6658
1466
4535
9865
3455
7452
3837
594
9128
3182
183
12575
5361
4687
12799
6612
6122
377
6519
2416
8580
315
9578
6425
2139
4575
8693
10280
3794
4329
1114
9197
5832
400
4707
8707
3333
4748
11963
10064
12545
3605
1014
9623
11275
8747
9807
9201
4830
3851
5102
10514
4451
1233
7720
2041
13020
3520
8298
1608
9224
7777
6305
4163
4520
8095
7734
8566
5707
12779
172
12745
8739
1774
9363
10190
2258
4504
1631
2048
5065
8013
7067
429
12862
11618
5388
6145
4749
9158
9075
2446
2514
2161
11099
4261
10119
1234
10403
7374
9622
6556
8894
7673
4816
7849
5059
7711
10404
12063
12935
12997
9255
6188
2656
2284
6243
2959
11199
6080
6229
114
7394
967
1889
7739
12118
9833
12567
9021
7588
10804
11555
11145
5533
1185
9699
5385
7401
10683
7553
8235
7560
5197
5629
4151
4540
10016
1642
2520
7514
11432
2968
4438
1535
2777
6095
10828
9778
5960
11278
9471
7257
8832
9123
11114
10276
10393
11608
11823
3184
8172
4477
6516
4262
6667
4037
7853
86
6663
6819
9151
10066
5105
10607
9715
1133
2272
12986
6573
13008
8756
4028
4072
9435
1648
718
10710
2987
8079
225
6988
4891
8479
7376
12793
10789
7078
2898
7122
3828
2023
3185
1105
9438
6776
6061
9341
2240
11058
42
1741
6592
460
7558
4545
8362
5124
1536
3646
10962
6891
2304
3037
12234
9008
12096
12480
12695
368
11023
2362
12123
9545
12790
13003
8325
8746
10843
6621
1789
12025
3974
10131
11977
6069
6013
5159
550
12772
6503
7629
3015
4794
11078
9612
675
12818
4214
4461
8199
9610
5442
10386
4609
6101
3838
1482
10518
6154
8741
3372
1440
9770
9604
6172
9390
4639
10452
2704
4821
12677
916
9763
12995
5918
9402
1593
684
3829
5879
99
4087
10974
1973
2638
3301
7058
7484
12920
6395
2342
5820
7934
6036
9492
2493
10162
7998
6875
385
2339
3816
5399
9097
8236
383
730
4899
6382
2934
4134
1386
8164
9982
656
1576
9446
8387
12475
1984
11092
1283
9991
524
13
9130
5549
4528
10183
3674
4274
8669
8831
6143
4729
3707
668
9124
10904
4857
8553
767
11360
2580
12205
21
12494
748
1247
10349
9483
963
3424
9037
8793
6399
2361
12896
10609
12008
3112
4066
5836
7469
10802
2444
7397
12534
7146
7333
11347
9860
10490
10566
1684
11996
2122
2215
3318
5693
2423
9887
1594
5852
8443
3631
9932
630
11601
8975
3634
5919
12190
5212
3200
5375
5049
6392
8735
1208
7857
9689
270
11306
6525
5540
1712
6027
5792
8428
4349
6942
5171
659
9001
563
8144
8318
3490
1258
11510
9465
6549
9406
12043
7674
10181
9593
5202
10234
5841
2963
10687
12451
11214
9915
11709
6147
1887
620
11884
8897
11265
2825
5775
2441
40
3594
11941
2752
657
6459
11311
1309
2306
6463
4621
7944
12241
9614
4625
9648
6423
7763
12691
6517
5040
7764
7467
3661
10814
9010
11423
7698
4222
12026
8545
2653
3540
3284
1263
11227
9912
3091
3786
8263
6317
10783
6998
9107
8731
8989
2593
7216
5826
9120
1445
5532
6373
4069
8994
8798
10621
2956
11726
4751
8528
12844
7344
934
1348
4591
938
10414
10937
3875
9712
1659
3513
3260
8561
12284
2054
1432
8073
6770
415
5959
11857
8269
582
3038
9216
8084
1177
12945
2226
7715
12216
3867
11812
7894
41
6767
404
7283
4727
12954
12473
3686
2248
5203
7309
8327
2249
9671
10384
7756
5085
7744
1298
3412
3285
10889
12720
3448
5812
3958
8911
10982
6021
8572
9299
4422
3207
10944
1336
9878
7423
2162
9854
12661
2574
3147
5390
10212
2983
7343
847
10028
10267
10003
5142
637
10746
4572
11922
1946
6055
5046
11820
9637
7208
11022
8544
5986
7170
3532
4060
6072
5719
2187
1516
9277
7498
9419
4692
9532
6256
1575
1064
985
9566
6564
4524
260
1130
3734
1846
6984
6531
4487
11910
7939
57
4429
10455
3547
6307
5672
6041
8977
2394
12538
818
5845
7707
10236
9424
9222
7940
7163
581
2852
3323
10005
2053
5509
11764
11637
5437
10388
2353
10572
10667
3312
10344
3572
3719
4162
5334
1144
10644
10733
4006
4306
10697
9095
111
1129
7615
1402
8680
7747
2141
10069
3588
6522
8050
4297
11324
5992
11811
10311
10987
8701
2037
10372
11182
8957
9672
4699
1228
5972
12170
12708
2005
10978
9135
9787
1559
7258
11831
5245
9841
4048
9646
9775
2454
1499
4248
8229
1989
8246
8356
10896
10022
7935
7479
10906
5587
9417
3084
8485
1541
2411
999
3175
6634
2677
12991
7583
3950
132
6292
5855
3002
2257
7864
10790
8351
12585
11981
6213
12248
11032
5149
5899
12348
8307
12940
1334
11146
9038
4253
4800
223
12103
4411
4185
9117
3833
2566
6084
5713
6950
2892
5686
9265
646
8653
10577
9204
6910
12036
5539
3080
11826
5915
3003
12206
5869
11603
4247
717
9369
4672
6473
12571
5259
2880
6960
957
644
10558
11960
7877
3477
9636
11625
3710
2764
9717
6121
3850
928
7733
5980
9469
1694
1285
8750
8310
12253
3784
6919
4799
8992
1081
8085
82
7433
6995
12447
6168
9657
11997
2676
8154
7681
7859
9601
1156
10977
5927
12456
8232
2229
9923
6935
11197
4468
3614
1018
4573
9814
9795
3626
12612
4655
3191
2958
9510
9561
8938
10251
554
8964
1511
6723
5177
3039
6608
12323
6160
12509
5847
9212
9511
3046
3964
2221
10968
6241
4213
9753
7573
8761
949
6331
2557
8491
3745
1977
12565
6687
5887
2252
11331
4018
4344
8919
12433
12898
4150
1203
4335
13001
10774
9173
8619
1935
10829
12369
3151
8000
1211
11175
3678
11139
5951
2619
281
10254
8136
3607
8699
5282
7984
2057
11777
2612
3981
1952
5655
2755
4148
8401
3780
5365
4354
2456
816
3338
12246
5787
3311
510
2907
12924
8255
152
10043
12592
11494
6609
8044
9326
10389
5877
8967
10571
7445
9504
12089
12444
5573
7916
1135
11328
7512
11242
20
10744
10256
2765
7132
1272
10498
8289
11930
1854
9497
8192
5411
3748
6003
11102
2626
10382
2364
2826
348
10047
2878
5108
9589
1725
1596
8333
3790
4369
5567
11975
10320
2972
1327
3773
1290
2387
6089
2355
10192
2116
11395
9525
5009
12579
11000
12696
8905
7308
7233
3761
740
10274
5760
5691
2481
1638
7666
11843
5676
9889
12055
4300
12273
10782
10341
347
1861
9486
662
8834
540
3045
12867
12410
5724
9159
3515
11081
12496
10041
11594
5309
13015
10631
3665
7500
6742
6106
10411
11645
8007
11489
7224
10154
4123
15
5170
3957
9328
9451
5947
10533
1126
7718
1797
2375
6321
2463
8186
9187
12257
138
8400
7999
5270
3669
6794
3767
4312
5849
8276
10325
12526
1903
7115
11289
1787
9605
9394
4467
2008
10750
6267
5571
10045
7738
9905
6353
3511
305
8412
11562
486
12217
651
10878
10477
4960
7304
4997
8501
6661
2632
11684
7011
1206
10161
5498
4030
3254
5097
8920
6513
9686
12499
1339
10773
1622
8748
5695
12792
4668
12948
10763
6523
12869
4026
7861
6990
11774
8029
8054
9568
3299
12840
1176
8949
7412
12558
12773
8077
8048
7050
1611
10615
7190
1010
2106
7299
10685
11674
6792
6726
10264
10044
10903
8532
12994
8237
6443
5461
7994
11410
1920
5925
6298
8565
1853
4896
321
1168
311
9554
746
7065
4420
4358
8569
2614
340
2796
302
7819
12078
6442
10089
11741
12242
8271
969
7256
12490
6422
677
3688
5729
5714
1413
12690
1041
9515
4039
5982
8171
11349
4683
1818
1531
2708
7671
338
6671
10302
6225
8526
11942
110
3619
3010
4772
6698
1079
2705
12153
6996
10275
2883
7703
6129
798
8118
11491
8819
10918
3700
2823
2172
6248
2279
3885
418
6789
5881
5796
7108
12289
8630
5404
899
2314
4311
4194
4519
11819
3855
3929
6509
11621
251
12732
10672
11206
4230
10070
2950
3463
12232
618
10855
7434
6555
6707
8301
4927
4137
3441
5938
10816
6412
6010
9908
8937
7829
8947
11184
2985
7279
8883
7687
9642
1869
7326
2686
1870
4155
2751
9858
751
7295
44
4264
5778
3458
12589
2268
4526
2393
12072
10399
9750
1492
291
12119
5023
2636
3565
12046
12663
6371
5962
3507
1504
1072
9756
3787
6269
876
13009
10868
1868
1324
8878
6480
9567
7839
10202
12596
958
8148
1839
9799
11735
4431
813
3179
2163
8306
12836
136
2189
295
9066
10176
11498
968
5735
9318
4594
8760
979
3890
4675
3754
3028
12457
1873
4413
1477
12909
1749
7240
9792
254
1026
8667
4469
5080
3692
11527
3999
6941
4671
6300
12176
12665
9276
8604
12334
549
5163
8610
5780
2
11468
6426
7691
583
4427
10096
11267
2388
7641
7975
4590
6874
10441
7332
8138
3199
12814
7237
11191
814
11277
766
4810
12928
5821
12197
3922
12586
7290
12449
3195
4789
5811
1557
9472
4447
7961
3722
5119
4758
3107
7156
3143
9179
1056
89
9626
8463
9761
11739
5456
5160
7460
1569
262
3654
3040
7847
8931
937
11829
10661
3472
6758
2624
11229
221
12938
4231
10551
2529
8641
11532
1053
12407
11485
12471
11446
12373
5246
7765
10815
1956
10451
10485
4616
907
2180
9736
11397
4506
11976
6170
7605
8497
9392
12346
3551
7868
10387
8449
9946
3771
6802
5685
10754
11770
3764
994
787
8486
9690
6626
1442
9102
1829
3471
6407
6378
8168
4375
1698
12472
5425
6898
1519
1084
1713
5711
7689
7441
7342
11236
11148
6420
6860
7834
9842
9650
2254
1943
7824
10317
7008
11263
4958
4182
5470
8940
2273
12181
4433
3400
7632
3938
2977
1793
9793
2324
4278
12942
12344
10245
12406
4993
4450
1231
11449
216
2155
10713
4875
11221
9048
8778
704
2428
12319
11655
12785
12308
2521
3382
8462
6343
6966
4768
2073
2316
4872
3493
2330
7223
13013
9354
433
4295
781
8429
2102
4347
8035
6553
463
7748
8666
12160
1981
8418
10297
7887
9922
1601
1239
4806
7247
239
7640
10020
9182
5636
12331
1085
4478
6587
10428
4238
9655
143
3387
427
7680
9442
2820
6928
12450
2973
6492
8120
11905
5705
643
10748
6324
6039
10723
1742
7271
12382
1454
3689
6112
11300
10521
7202
12709
4728
2897
4738
371
1009
11459
4089
1300
1591
8112
9408
10469
9073
4022
1034
9372
11150
4157
56
609
11985
5710
4348
5194
9397
9957
11447
978
4770
12600
8258
3330
4532
8718
9343
8723
1901
6328
7774
8721
9479
633
1316
8511
3854
5741
8729
8861
11157
801
3836
5671
6490
11664
4957
6787
5712
10220
5978
12184
9625
10657
11661
7197
8223
6957
4586
859
2966
2347
3410
10268
5563
2827
12218
2758
123
6192
2713
10567
11504
9023
3289
4280
2515
7866
7958
5536
3580
7995
12445
4598
9943
2767
4195
2019
5878
8132
6346
1988
174
792
5609
1340
5683
1957
10093
9404
10811
8655
9194
2294
12621
11366
3391
838
6536
817
4735
12322
6547
11215
9134
3481
4152
4641
9184
1809
1881
12608
8071
9425
6325
8857
5848
5976
4936
8517
7162
6379
10582
1735
3711
8993
145
12370
1104
3356
1816
1831
1391
11786
7593
8583
7081
11592
6537
5429
5055
11419
250
9983
4062
8842
12911
8859
8217
9911
6575
538
34
11345
9704
6750
7289
7321
9903
5409
10584
3332
2327
2386
4949
11026
11129
11045
2806
7985
12204
1060
7388
11899
3632
4823
9988
9938
10135
4208
2277
6253
886
10378
5657
891
1323
1132
7100
8777
8398
9167
1619
8109
12766
8720
2613
10827
6083
5292
11856
2597
12584
4103
4822
6239
2381
7639
490
6079
11426
2434
7319
1368
8801
5387
980
387
2117
12267
9220
5257
9682
1225
504
1025
1355
973
6876
6841
2503
5061
3598
4041
776
3292
4766
6890
2875
12504
1545
10901
8472
12163
1153
6362
2947
3423
6485
279
8005
10278
4581
1518
7459
8087
12804
5530
5007
9964
5896
9800
573
8272
11296
300
7252
3699
5039
7683
10491
8494
1757
5600
648
505
11012
6511
2600
11644
6360
8070
5526
3173
12730
7933
8352
5837
4216
3721
12640
7804
11973
9785
9430
791
12061
6933
11381
8483
11800
4098
3733
1630
12127
2505
5255
4294
12161
6076
2549
4281
2006
5479
8382
5618
11948
10218
12832
11586
1106
4558
12309
556
2789
8444
100
2646
854
4578
436
4409
9423
8652
11968
5810
3190
5430
11837
5781
9848
5015
12649
6280
1039
728
8963
12900
9781
3198
7932
12371
4555
7242
12095
4721
12800
12770
6381
10424
12359
5979
849
5213
9871
5909
11767
7330
9798
12822
4343
3726
6152
9698
2345
8026
1219
2206
4886
10444
10252
7138
6470
9822
12226
4613
4681
7010
6263
12638
9548
9721
10692
4328
11503
5335
2872
2098
2616
3791
4010
9958
6199
5651
1571
6457
1049
5701
1737
9165
7097
3033
7120
8703
5859
4500
9602
2596
7708
8056
2693
241
5117
4916
10991
590
7422
5577
488
5897
2909
4544
9043
11164
10946
10423
11028
965
10907
4764
1882
6493
2753
6965
5480
2627
8823
12401
3521
1347
11005
5828
8942
283
4167
3401
1908
1251
33
11245
9613
327
6708
2824
2925
8709
2363
5352
1815
2001
7029
4168
1663
12367
8856
2247
2945
9105
5020
1786
4007
12131
4385
9450
1108
7778
12279
1359
1886
6881
8860
5017
5582
5353
7586
1808
8770
11908
9333
11486
2650
584
12024
5914
8028
7069
9261
8286
8796
5321
8893
2664
2869
2955
12757
9979
9676
12222
6818
3991
2971
12038
5666
11456
10352
1707
12090
5153
440
12094
10027
9132
4058
7905
8342
5166
8262
1629
6649
10626
9053
835
7334
9217
10067
9959
2015
4393
12670
12817
3919
12408
10743
8682
8377
5037
1807
4561
1727
4054
640
3129
12429
6753
8678
10117
9487
3132
4126
10851
11796
4644
7785
815
4285
4221
7735
4851
10447
4117
1817
10435
6494
10997
1717
5082
9196
12974
6684
35
2219
1560
2095
12085
4611
6757
5087
2778
5368
11173
8407
11110
8031
6211
3137
2449
3134
12540
1685
1065
4908
1369
1478
93
10665
7659
4093
2113
9505
7032
4321
2079
9235
12642
1260
11775
2499
3097
4391
3901
4887
6845
9791
12659
3977
932
3419
2404
9902
10931
7534
5421
8520
5256
2329
5674
7896
2916
3018
7036
11983
4883
12379
7188
752
11898
11657
3583
1782
1090
10658
6469
10418
12780
4513
6886
11420
6610
10321
7158
12915
9198
6175
8743
10791
1756
10995
5499
4680
7406
4290
12492
282
6798
5553
7159
11859
5277
11037
6380
503
9595
6738
5111
6934
11218
1983
6437
11984
3902
5630
12689
8194
739
9494
12325
3453
9722
2895
8086
3363
6223
11066
7949
10989
324
3718
3955
4757
6613
11855
3113
6341
5120
702
9017
7466
119
1256
3788
3548
8339
12821
8115
7298
4199
5330
8881
11927
9884
4355
3136
7529
297
9279
7986
1390
10147
9641
9535
12522
9025
832
3658
5613
4660
7147
11048
7305
8534
12032
12916
2685
1729
9009
915
3233
8732
8958
11934
11225
10235
7830
9586
6691
12827
5107
6951
3510
7277
12629
1670
6914
485
9310
11852
9007
5637
708
437
5033
7865
6016
3508
9337
2307
806
10747
10664
2647
8903
6679
9819
8763
6769
12041
2893
12841
11990
7260
4384
4763
2000
9412
5652
7331
7054
4915
3309
5298
6944
7594
8231
5542
11967
10994
8997
7675
9771
7911
4876
2391
1220
4412
638
11108
7106
2196
76
11556
2594
4181
12423
12049
5274
12343
8021
1099
2046
11955
2590
3278
6284
13005
7497
12851
12459
10541
5968
2802
256
12168
726
3962
4900
4439
8353
83
1551
9866
12845
9891
2700
1458
4055
7510
8445
1620
10622
1343
4874
10793
9088
4288
2696
2662
2246
10980
12213
4003
5904
7609
8688
5192
318
3246
11835
4643
8424
11320
3576
7611
989
8782
5026
11385
4017
9230
7852
10143
7136
7883
9459
2724
3341
11493
959
1411
3063
5646
5162
1388
5226
10001
7604
7198
1240
11383
9415
6958
11872
3549
9940
8257
10891
7903
7444
5784
1345
4011
3898
7914
2055
7017
4982
5264
8279
4740
4494
12547
12890
330
7033
12503
8533
10709
3303
10911
3460
3862
11737
6771
1437
1899
6090
11379
8913
3238
7600
1418
5503
9331
7900
11524
8359
12441
10139
8986
8573
7281
2282
2183
3647
1804
4410
8606
153
1062
7057
11130
836
12912
10635
12398
1565
6271
1678
727
10902
4663
5809
249
10079
11205
5143
5937
8094
2732
4432
2805
1961
7232
3282
2070
1910
11691
6955
8649
10443
7901
207
1043
7652
7360
7385
8609
3717
10660
5858
1617
199
10087
10294
8664
10401
2727
3900
8280
6989
12141
7842
12972
8396
3241
3202
4499
10758
3671
6376
2182
7798
5426
3407
12848
7175
7937
5776
9172
5355
3385
2652
8711
421
7248
4722
10198
1023
8753
3672
2534
10910
3161
7222
6694
2568
7317
3750
219
5032
7403
2901
4245
9257
11916
7225
9067
3538
3810
2609
11104
4159
424
1723
10604
9632
2214
1473
9544
5823
366
10787
6049
8110
7818
12520
8719
1776
5125
6439
2828
3531
2911
7854
10080
5557
9426
710
4992
8576
10160
489
5291
3940
10636
9734
6764
4755
5251
6432
13010
5110
12615
3288
2595
3931
10495
5113
3582
12795
6660
6383
5793
11744
5366
4696
5145
9269
7119
2535
4136
5407
537
165
5746
12751
4064
9298
11167
4922
9463
9205
10225
1308
3142
4237
1264
1287
5768
3796
10701
11030
11689
5123
12702
12603
12552
1116
7540
10128
81
11731
947
12330
9506
3437
10448
2871
10801
5198
1000
9782
8858
5424
11327
3842
12053
9306
6666
2874
5275
11512
6197
7261
6888
10586
8995
2486
11809
9192
9476
8270
12358
11672
4774
12668
7959
10337
3635
689
6889
12239
11411
2569
9011
9835
6111
6969
2718
10358
7867
2169
2461
2687
12748
1393
6977
6130
2373
1042
8910
410
8638
11
12378
3297
4771
482
1297
12990
2096
3009
11550
624
691
2396
12028
11390
11917
10630
5891
7400
6939
5320
10641
11060
12783
12678
11563
8948
257
2480
12563
3443
2832
2482
10406
5168
10115
9375
545
10842
3737
11052
6347
4626
9253
2548
4941
12650
3451
742
9789
4479
3785
10437
10097
10914
12256
1644
9951
1840
9052
9022
7952
5913
8184
9521
4638
7015
8220
1325
2119
1978
142
11882
3969
6011
9346
3793
3189
2191
509
6454
370
2025
11718
970
571
4036
3976
6833
5603
10919
10426
3679
3491
10476
1470
4356
1708
9420
11833
7858
10046
10076
4260
2013
10975
3176
2351
5791
10104
6169
235
10228
756
12607
11752
1479
11427
10953
11374
7844
7066
3864
2177
9627
1819
352
10515
7490
8049
8063
11470
1379
10803
28
10922
6144
5005
11105
7851
5172
5247
9064
3240
4676
5410
10579
101
10291
11402
4571
9090
6675
12865
1894
7173
10305
7678
9702
3533
9311
12868
12311
12464
4943
7446
1051
9339
12711
5294
3899
12582
8454
3873
8774
11936
11008
5989
238
4662
3405
2174
3872
1294
10606
10208
845
4388
7227
2344
8025
9202
5673
1082
10233
5218
8814
171
9801
6216
7206
11813
12505
10460
2487
2203
12455
5585
3937
2610
9508
6650
6972
6288
3660
12895
1949
2328
6871
7807
3092
2165
3824
3812
9309
2402
10371
7502
3992
650
11614
9669
12224
8700
10700
11074
5616
12807
10859
10479
1893
9603
11620
1317
10531
9937
4308
4819
3034
4330
6416
3848
1408
2063
9252
7969
9082
4020
6822
2831
5377
5393
11750
1992
6367
1127
12930
688
773
6330
4362
9218
9129
4140
469
3141
12866
6583
10547
8008
12983
4463
1232
5182
2490
2601
10480
738
7038
4327
6670
3742
4215
7792
3859
7402
8284
8525
2234
10940
10519
12549
2961
9371
7280
1426
857
5186
12179
1439
987
10315
763
665
7005
4441
2798
9156
8600
11654
2888
11303
2844
208
1449
12856
6002
3066
7077
12305
11677
789
6008
9466
2383
1589
212
2923
4693
8745
2657
2944
9975
3072
3351
7582
12583
12040
7942
12310
2267
8873
8961
9121
9752
8177
3030
3528
7154
5953
5114
10006
10979
588
11999
9146
7414
6281
6548
9180
9468
9516
5258
11630
11838
8201
3865
6978
10627
8877
12699
4370
870
8710
12258
8305
7638
10200
8999
5378
6282
3893
6732
6859
4259
9755
7977
2785
4930
12173
9569
10535
11457
11279
10525
301
12914
9003
9272
4596
5372
8968
3337
12497
8836
4666
4767
47
12337
12108
1073
5250
11471
9901
12086
2730
8581
11695
10244
4652
5403
5631
1520
9236
4365
5090
7789
8824
1071
12527
6917
1352
3360
2933
1841
5751
8828
9418
714
8395
1281
11615
7140
6048
3697
7323
1046
8885
10178
10682
1497
7074
10118
9741
1762
2855
246
6993
9405
9345
9869
10818
2702
8522
9596
2660
4052
12399
10543
8740
1740
7235
11776
10400
10240
11686
6994
542
1632
2158
6000
10138
4607
1218
3212
3031
10308
2882
4939
11785
10000
7846
7872
5898
6187
1088
7187
7372
4178
1509
9455
10487
3445
6386
11287
7616
6940
310
2281
1030
8309
6232
10858
2635
6115
5647
12781
3526
12616
1679
3335
2716
6091
7749
2498
2531
8335
3615
12926
11759
2104
9503
5921
940
6357
8851
4402
5208
9302
12710
5156
1979
5659
3965
5235
9295
9193
5303
6810
9210
1125
8901
6060
7669
10431
12949
10189
6125
164
660
3367
868
3444
7910
6745
10575
1876
6715
7143
5665
2359
11988
6020
1464
12518
4880
910
4730
826
10603
2475
7039
10949
3664
9315
3226
7909
7340
11643
7112
9573
4661
1970
7009
568
10873
11911
2111
10905
1277
1625
8459
11246
1796
5126
5434
7625
10012
1349
3988
8169
8453
8052
5031
893
2526
749
11957
11262
11587
4443
5703
7724
3325
8302
2698
8515
5924
2540
11779
9058
8104
5188
9927
1288
4736
10820
1475
9061
2905
9949
7620
877
2523
10872
9960
12970
201
10113
4219
10761
663
6606
3612
1480
8503
9401
1832
1680
11727
956
7722
1761
4745
2083
8399
4226
8904
7936
2211
5490
11700
7468
2886
8367
9384
4038
5508
10510
2510
11613
11258
10343
741
6332
5894
1974
12124
8096
1621
3797
3101
7918
8886
3920
2556
2799
10421
6616
4885
11758
12403
1696
8827
12555
3357
2922
4587
12982
3819
10112
3778
11790
1695
6962
6580
12391
4015
163
6659
11787
6366
1999
10392
1783
7574
1885
11046
3709
8143
4255
946
2132
8621
360
3524
9954
6262
7882
247
4234
9344
8799
3775
6251
7752
12136
12588
5364
4998
12687
2137
10014
11367
7610
9997
11378
874
5668
12885
4490
5180
6953
11481
10298
12570
10882
1930
8059
8160
6733
6924
12117
4107
218
502
8589
7165
12000
2538
5048
4599
2488
12288
12437
11698
11904
11939
4269
4744
72
5520
6356
570
7885
1641
3139
6322
6194
12101
5462
6858
3566
1424
351
9550
373
11335
6506
2810
5281
4834
7365
6323
11814
3947
7562
9267
785
7516
10035
4533
4254
6731
7973
4223
2915
1822
6545
1322
6570
2188
12183
6266
11418
7306
5649
1867
9581
451
11673
1748
2485
8131
1485
1862
923
1160
10617
700
4906
1802
10620
10237
11579
9490
7415
1985
4106
4202
13022
9737
9228
11453
694
8181
12639
1573
2370
2734
2797
3749
4717
5167
10540
1052
12225
6524
8427
1474
3087
10279
5301
4266
2146
6102
8281
8117
10881
1558
6761
7016
11024
6844
11801
12002
4933
12243
5205
6489
3086
4855
9972
12688
3559
1738
9304
1722
867
6915
6456
9208
912
4593
8829
2031
8512
8416
4562
8304
9139
7895
683
10628
7193
9768
2491
1948
8344
5678
11006
11797
12200
2421
6053
2804
11629
12643
3322
8615
6073
5548
615
7568
10812
122
9970
1606
11093
9873
6816
2775
9335
3649
12295
7570
6428
5905
8239
4127
860
10148
647
2536
4712
10923
2986
1364
5092
9383
5917
2850
12797
12880
9094
8521
10329
5884
5173
12878
8207
179
6215
7151
9091
1647
10167
2994
2403
12495
1770
13017
3473
5248
3727
8034
7236
9530
991
10296
576
8264
654
412
8974
3530
8242
7837
2517
3676
1312
1726
1092
4622
9996
5431
11972
536
8773
12544
5382
2690
8954
7339
5863
4113
9821
7880
1192
3993
6897
10749
10151
11431
12984
8159
8809
917
4483
8969
8939
11782
2654
7912
329
7082
6403
7741
3811
10957
4646
6393
6207
5099
4235
11529
11989
10864
5583
3563
10552
12676
3081
6150
2242
12012
1163
12202
11769
9708
5524
5004
12655
10943
11995
3935
4102
4485
6677
5161
6827
10890
11728
7919
5169
3281
12249
8126
6228
6127
3328
7024
6451
10640
11047
4383
3274
12297
2432
2847
11298
1002
10155
5688
920
8334
3109
8383
5689
12318
4536
7983
3168
375
3621
6829
3057
12214
9373
6718
5132
10846
7728
2838
6625
8813
3486
3909
4325
12656
6805
4160
11186
1823
7535
9154
7702
2576
3468
9381
1651
1672
157
8818
1274
4292
10470
5662
409
6668
5287
7315
5697
9460
10826
6893
12816
1687
8471
848
2930
3361
12312
754
1075
11867
6574
3601
2803
4910
4723
6051
7988
26
4913
1811
5669
6795
4682
5053
9338
1855
1958
3221
367
1526
271
9955
1587
10055
11507
7694
6025
7457
10474
2618
376
7954
5721
8812
7338
12020
2672
3375
2049
12014
11870
11188
12125
6837
5091
12102
2060
6498
2648
2856
5679
9512
529
10884
4858
733
5052
2445
3633
1038
9422
4904
113
6607
11276
11124
3426
3925
5443
11412
2970
5895
8421
10247
8810
8083
2489
6120
12187
11364
6542
1836
10018
7003
4154
10290
9926
5955
4881
6434
5584
5598
4081
11607
6056
3378
1733
11590
7619
11598
11444
12416
1436
1174
1385
12263
6947
12812
11970
1580
6594
8244
5610
9378
9774
8156
7386
5284
1803
12452
5700
5342
1709
9815
7542
1118
10430
4473
9500
12476
1914
1457
6920
1124
8578
4174
2469
8211
6238
7328
2408
3232
7160
5329
5318
4298
2992
6117
342
3584
2784
4954
3798
8952
2889
11958
2016
12723
3853
4991
11993
12598
1768
10265
6304
11034
2170
5702
7968
6128
6651
3220
4651
896
673
7275
12411
10467
6576
11161
8438
49
1184
6131
12152
12782
10180
10599
8620
462
5493
9142
6385
3420
3203
11854
3381
1117
11096
3604
6702
2779
277
725
7544
9805
384
10913
5045
10008
9244
535
11766
3366
8751
10638
9056
1510
532
5965
3861
7062
2283
8135
4434
2305
12802
1825
8696
4811
9089
1764
2043
5727
12980
12559
8717
9157
2801
3509
2822
12419
1350
8078
8930
7956
7246
9314
3167
11284
11793
2061
3295
1719
146
642
9808
7389
5872
3197
12276
10993
10331
12525
10637
6306
2537
9215
11216
6784
7648
2244
7840
2644
2228
1406
4884
597
6521
7410
4405
11757
4228
112
7135
6502
8189
11729
12353
8474
1928
8446
10848
8687
11924
8162
2125
1627
6765
8329
12521
419
3625
3911
10527
11376
5079
11445
4976
9240
9572
9283
2367
3327
10930
7221
7052
7987
5485
569
7357
9847
3304
231
4382
1370
11712
12150
6219
10921
11365
2935
17
990
6681
4972
10898
8330
2849
6572
3693
641
6786
2166
8033
4476
4777
8627
12903
196
3464
12838
10203
5260
10054
4191
11546
1865
528
7644
7211
4691
9666
10840
10990
4273
5000
5187
2405
6031
401
1143
3117
8380
4556
3349
11869
12843
9080
5346
7893
12936
9150
3739
9323
9006
1592
11606
11483
8064
11588
9119
8966
3627
6096
6063
2243
8597
7123
4907
5946
511
9643
1795
12965
11151
11593
12050
6042
7255
961
9659
4592
11240
11341
8313
8009
9164
11187
10459
7890
5095
8020
7590
3896
634
1028
1653
1828
10595
4747
2846
11072
3573
8764
7313
6560
4952
1537
8476
10945
2255
10506
8324
812
3359
9948
3820
1837
1465
10316
852
4836
771
8791
9227
5127
500
11704
4710
5438
8776
10100
6637
1769
10534
12823
8625
2906
6974
3020
5952
151
7264
12421
8792
2374
3180
232
7051
7356
2509
3399
1654
6137
6348
8
7860
3696
1820
1553
1798
1534
12873
2645
12654
2484
9526
1746
7758
4865
8278
4918
3373
9111
4574
7098
7153
7581
9794
11871
4498
3596
1040
5008
4220
7692
8844
2354
3741
3656
11234
11142
3809
11233
8843
10230
829
2843
12967
11392
3164
6222
2178
4871
11821
4043
12426
853
12595
8166
10501
7373
2742
7320
7472
5418
11325
10333
4057
7267
12811
1384
248
1027
1866
1161
3587
7045
10461
1572
12414
631
811
1212
9362
6644
2380
9759
10952
3014
11087
5599
2120
5535
9628
1692
12847
1158
10071
5200
8205
3196
2501
12623
2840
8496
5100
4912
3630
8466
11693
10616
6468
11415
8348
7965
6655
3193
4171
9320
46
9724
9250
4
9098
2721
1689
5757
4495
12791
2145
902
94
3574
3997
12341
11683
2431
9888
1691
9703
12394
1851
4512
7322
11237
9071
1486
7892
3398
12376
4067
3122
558
4787
2592
3996
8704
4398
5191
2502
181
1419
1666
12753
1181
8671
8468
10074
8934
4523
7086
4357
6088
9956
743
12137
11681
8915
5457
88
3592
12767
12998
9914
2430
8247
6790
5680
908
11356
4204
8918
445
8902
6554
3111
2160
12927
10517
9462
11886
10524
5221
9681
9127
7383
2641
8784
12611
2902
6716
6316
9654
12162
9170
130
4543
9055
1096
3535
628
2323
11604
2759
10755
10798
12590
555
10263
10857
2991
234
9925
10646
12037
9499
441
8593
514
3915
5204
6865
3340
2678
1990
2333
4024
3932
12888
240
8458
10376
5956
12810
293
12223
11682
9084
10836
11217
2223
11282
918
5012
855
6981
12013
4270
3640
8240
7021
1801
2439
4372
380
12130
7063
8548
4765
1017
4742
2669
7519
131
3913
10488
8010
5537
10281
2969
3413
4554
6907
5619
10679
2377
560
5753
10241
2525
2295
9769
4839
11295
10379
11595
1549
3051
12539
11633
2884
6414
6976
2967
3946
4128
1891
12889
7923
9844
10704
12535
2507
5875
3878
8795
12420
914
8216
8960
6247
11807
1718
2157
1089
9041
8251
5401
4096
10206
3053
551
1581
11050
9474
11748
11305
7771
4539
2467
12664
7184
1061
3156
1394
2683
5761
446
881
3016
10562
1758
5043
12446
526
1468
5942
11888
2747
12855
12360
1354
11156
11319
10908
10753
4715
11297
3313
8430
9081
10681
2357
11492
12264
5222
11753
3438
11332
11998
11362
3169
10173
3564
2952
8366
3011
4861
2625
11244
3035
8803
9936
10295
4685
8470
8403
1660
2995
4466
4000
11264
9629
889
4674
5602
350
807
2018
6279
2134
10034
6408
178
6208
1265
1083
10377
12508
3497
7742
6756
4408
6932
4416
5151
2516
5545
1115
11949
2542
5969
9543
6242
11920
4404
4761
