1867
5662
646
3942
1412
5374
4889
1496
2999
3557
4426
5507
1277
5247
1875
4320
268
3731
1017
5540
4902
140
734
1916
4273
3063
3353
3210
3396
5969
5280
2150
3144
562
577
3058
3617
3323
4383
4695
1982
5191
4162
12
3321
4528
2815
567
1656
736
3075
5258
3840
3077
969
4756
3474
1213
1032
5556
3935
5900
4530
4999
669
4284
122
4271
5528
3277
2008
1183
5453
4390
4414
1093
1720
3306
1071
5656
2367
3626
1436
4743
1667
2129
3280
3881
2743
5008
5031
3987
1127
6029
558
4720
2852
2931
1670
3702
4079
1965
3022
3582
3612
2855
1112
166
3553
2407
3818
3242
2276
3198
152
5416
5945
659
1208
339
2921
3374
785
3655
5014
3232
1615
1341
1758
4433
2874
2155
4173
5586
3856
2916
1217
5743
5381
1179
1747
3383
5912
3984
4369
1843
1478
72
1810
5681
1693
4637
4522
4325
4112
5150
2765
306
5607
650
5633
406
1709
334
727
3520
5877
318
3761
4457
2002
5245
1040
5384
5099
4018
1696
4104
3690
2526
151
4924
2944
4556
972
4927
4132
396
2554
5894
5401
5937
5283
4109
3424
5708
4351
3233
5783
3475
1876
2577
1097
6005
2130
3040
1305
5
1425
433
1733
970
5520
5980
121
490
2522
2264
3865
4949
505
5981
5200
420
1163
2823
919
4387
940
5513
4228
3651
4371
2294
2597
1026
5652
981
5881
1715
3544
1420
689
134
1011
3959
320
1650
5525
342
5372
693
2288
5616
377
1219
3151
4386
3792
2347
2138
309
4717
5470
3585
5804
5056
5340
2200
512
3161
5901
3911
2171
4131
61
1944
3064
1846
5320
2190
2709
3153
1906
2819
2782
4393
3509
459
96
1424
954
4434
3188
4254
914
1633
675
1520
2139
973
1271
642
3033
2559
4105
1751
3765
1038
3266
4852
5272
2258
314
1968
3293
815
2680
3133
4610
5786
1461
909
4467
5575
3121
2715
1231
3078
769
2565
794
5521
5424
2063
1997
1466
1727
4437
819
156
3222
788
3593
1898
185
837
387
4070
1358
4966
5010
5908
2033
87
1869
361
2637
4226
2083
4453
1182
4912
369
3947
3420
1603
1978
3716
3672
2193
3449
199
5175
4634
5174
627
1284
400
1862
4870
2137
651
1851
1042
231
2641
2321
86
3634
1932
5891
4154
5617
2705
3914
579
1955
74
5073
2936
1977
1908
464
3905
153
2571
3265
1296
4515
1602
2046
2504
1024
4479
2373
1125
4842
2879
3833
3083
3382
4735
3760
4388
1456
1628
5446
3751
5256
4814
5077
204
3264
2686
3800
5063
2490
5748
4867
3311
3705
3412
1861
2505
3315
5282
1417
2766
2325
4596
2299
129
3344
3965
2376
4943
5232
5490
1144
3767
2804
5832
2751
2222
4021
6031
5169
2111
4938
964
4381
3469
5266
5016
843
805
2142
985
5141
746
2107
214
4438
3000
2609
2870
2723
3703
4744
1679
3234
988
2208
1904
2366
2388
620
2585
867
712
3664
4976
2701
1004
2827
4740
2911
427
5723
466
23
5079
760
2998
4675
5711
5957
6038
5193
2813
1547
4628
3832
5127
4879
3738
884
4378
698
2672
601
1766
2275
4106
4737
161
4107
3752
59
5229
3410
62
5298
5704
414
2616
5826
5511
2176
3298
226
270
4572
3156
2085
762
3059
4881
781
5231
5271
357
5284
1632
5332
2055
4334
515
1065
1447
5924
3873
6001
1896
3114
2080
728
5185
5403
747
6019
4126
572
1597
5919
2473
829
684
4396
4099
1310
2736
4538
3962
1664
1957
2353
3985
2115
5455
5405
5543
278
4223
5007
1167
1947
1143
2333
4591
3263
2201
1829
5123
108
1338
4490
178
510
5264
402
4705
3066
880
3450
5631
219
1749
5222
574
920
6003
3764
5750
378
2530
4055
315
2074
30
1570
2692
4337
5581
4733
3604
5909
249
5578
2949
5089
5369
4654
1302
2300
4673
2297
2245
3590
4281
2370
5279
3084
2734
1010
3331
3476
147
1583
5080
4343
987
2214
5168
5450
2983
1154
1870
4286
952
2075
2891
5201
3861
5107
2320
720
6020
730
4655
1678
1559
5120
1618
2441
4721
5847
3854
216
2633
3770
483
498
251
2683
3445
5376
5314
2576
3857
3125
2626
1409
4220
164
386
3227
1287
4418
1674
2853
5692
3361
3657
5599
5027
1527
5892
1744
1175
5347
2281
5309
3489
1434
1802
4535
5261
2970
1340
4588
677
5845
589
4708
3312
3518
3238
966
1687
1608
1858
325
3047
2157
2924
4195
3034
2856
4604
5986
4718
2538
5629
6016
3719
5641
5680
2386
5994
1586
2737
4674
1459
3414
215
4886
710
1244
2746
4500
4148
2328
1158
2202
1716
2553
2704
1888
2913
4782
2515
5500
5770
3490
4837
2806
680
1640
2816
672
471
3303
3099
5134
4402
344
2836
3571
3627
4779
2363
978
5428
2465
2840
4512
1770
1999
3744
254
4444
4307
5069
3653
2702
259
1396
4727
448
5934
1109
5568
1856
5139
144
5242
4986
5840
4679
4350
5614
3381
5722
3403
1578
34
4441
488
4516
3562
2453
2539
3813
3665
5067
5805
5004
4044
4031
492
3559
4841
4936
1330
2381
3482
2984
328
581
4304
5600
3290
3623
4211
4549
4987
5573
1019
191
2226
3006
518
1223
3057
5887
5818
2020
544
4851
5905
5718
5207
2166
1348
1730
4709
5355
5435
4003
4518
725
2880
1258
311
1387
3968
2092
2584
1190
486
4277
1731
5408
4244
3447
3887
4342
5144
390
3129
247
5184
3511
4319
2384
1658
3786
83
500
2719
4972
3872
5793
3997
3362
5854
5831
1649
547
4807
1249
3317
4072
803
4061
3163
1116
1624
3834
4799
3086
5938
2666
3889
3999
1437
993
2064
4039
4739
3386
2567
2968
5725
3342
3096
4357
405
3791
697
5329
4252
1170
3547
5492
229
252
211
5299
5604
3104
126
3167
3496
458
2177
3680
768
3700
4749
139
2221
3219
898
2143
368
2887
5888
5061
2114
4141
1607
2897
732
3228
4110
1227
444
2196
1926
5552
5658
273
3718
1064
2090
1743
5308
5742
2640
2760
640
3978
2327
2082
168
1878
2476
1598
4038
3892
533
145
117
508
3371
2763
4100
2773
5230
3343
5746
2175
4754
3901
4753
921
4548
2512
316
5914
5292
5420
4145
4212
1823
836
1925
4470
3996
4612
2001
3194
3910
806
2557
300
4521
4067
3348
3239
4690
2474
2478
2900
136
1335
3477
1857
4619
2128
1593
1763
5939
6
3574
5754
1948
3164
874
4257
3568
2720
4265
5772
5685
1180
2451
4712
2854
1
1275
5215
565
4993
4499
5763
4576
310
946
355
2379
824
936
4939
5530
1548
799
5363
3012
3126
2668
1477
3900
5210
3060
2667
4568
4209
1173
4797
1306
3678
5087
2657
2694
1532
345
3081
4672
3817
362
1899
4514
838
2517
4016
724
1068
4639
3223
5579
3779
4157
4817
383
4147
4135
2247
2586
5092
3379
4732
2042
580
36
4726
1366
938
2484
16
4536
2213
653
2811
4405
5115
1780
3118
5411
5814
5526
1546
2798
2953
2057
4407
5922
2800
5709
5370
5953
4809
241
33
5582
3176
2279
2259
2494
53
1975
2004
4573
5613
2809
1671
3707
744
5345
4108
4932
2537
5816
3062
2524
3749
5605
852
2021
4452
1085
482
3769
2172
767
5180
3961
2966
5373
5400
1914
2460
4239
2542
686
4086
2283
308
4882
2164
1076
1344
1207
1837
1314
2421
3314
882
4275
1172
2977
1257
5477
3692
3259
146
3918
755
5129
4059
2306
3836
3934
3502
2489
4714
2246
3325
3654
5489
1626
3245
3056
179
3909
3890
5589
4895
4160
787
2938
1639
830
1646
5017
1298
5419
2449
5893
2796
5020
301
3428
2996
1058
4497
1131
2612
348
5248
536
5418
1505
5634
5311
3956
2978
3055
3632
11
1834
4746
4701
4937
941
2550
3349
778
5665
3336
738
5327
1986
2533
4558
4583
5618
5553
2038
4896
5036
4649
552
996
612
2343
3595
4163
3328
729
5286
1073
1493
1880
1836
1342
478
3781
630
2556
4569
4766
1859
3187
2396
4793
6007
4138
2961
1457
3435
469
2834
3893
4345
2399
4826
4555
3594
513
186
2019
1992
2642
907
1996
3972
5390
127
4985
1905
3580
1067
4734
2503
4660
1779
2168
2925
2839
5263
380
43
4697
779
2087
2323
5851
3944
4278
456
4368
4710
4395
3931
780
3082
4290
4333
4440
2643
5700
2857
5252
1781
2491
2995
4113
1560
4859
5737
5268
3852
5927
4202
4996
1443
242
5391
4034
5902
4706
5502
5397
1114
3405
1329
1070
2436
1784
1697
1117
1871
1839
2777
1090
2280
503
1160
5619
928
5576
3295
3822
5431
1564
4696
822
3790
1946
4166
3436
4501
588
1707
3462
1691
5148
3940
3841
2500
4492
50
5011
4087
3472
4430
5768
4644
5304
5240
2653
2534
3871
2904
5427
5829
2714
2675
2096
1515
5808
3846
4553
1552
388
3319
4159
1108
1351
1985
599
2152
4599
3736
5270
1902
329
711
5467
883
1653
1453
3549
425
3503
4810
968
2562
4268
1972
841
4668
32
4570
2650
4023
5417
623
5267
3262
2658
951
4719
4836
4167
3599
5559
5478
1061
3926
3628
3929
5041
2184
4185
4210
4871
2620
3434
4299
5595
2018
1186
5392
5251
1573
3043
4983
1773
5154
2159
375
3979
5315
5465
2462
5149
5967
4957
1562
5906
2649
1291
5630
5509
4595
1048
5677
3025
5354
6021
5858
3611
2428
3130
2324
4762
1847
3180
5472
5812
5323
2578
1865
4581
2319
3919
487
5628
1281
5988
4181
2769
4890
5013
206
5996
4647
991
5421
4557
5143
3755
1591
1815
46
2638
2336
4687
2661
3478
997
4724
495
2298
5698
5594
668
2691
3281
5396
4792
983
3128
267
649
2957
3427
360
4923
5038
303
1868
1814
2807
5358
639
4456
5712
2059
977
2068
2703
4101
6006
5484
1214
1332
3607
4056
842
2712
89
934
1732
1145
2060
4606
616
2349
2791
1165
2429
491
1860
4266
4049
2305
1438
5409
2918
3036
1990
1377
5022
3048
4845
2608
3135
3880
1635
1987
3543
5438
1268
5849
148
3138
1146
1246
3030
3351
2750
5549
2488
1401
5730
4729
1620
3237
3828
313
3318
423
3497
4446
3235
457
1974
2131
825
1803
1262
4354
2464
1983
5202
5705
106
548
984
644
392
1980
2430
1949
595
2284
4178
4903
4885
3268
3019
4611
5212
1844
4189
3466
6034
1556
3602
2091
3803
174
2884
3677
4376
4327
3204
4291
4645
28
828
3740
1516
3054
2783
2768
3616
5383
4765
2989
4682
4040
2232
4887
453
3891
5225
5473
393
5976
4975
4463
4971
5577
5287
3615
2875
1742
2945
5627
3279
2513
2755
2403
3596
5781
4698
5956
2896
2309
4380
5941
5625
773
5572
192
926
4335
5055
3487
3647
3952
5223
4780
1380
1050
4033
2414
5864
3131
2805
3179
5407
3359
2651
763
5872
2738
2134
65
3830
1554
2493
4302
2086
1030
890
681
4032
2758
1226
5510
3338
5961
2671
3806
2648
1960
2776
5537
3267
1813
1504
5771
1575
2520
5171
1661
4849
2894
899
5661
1728
2197
5350
5788
4560
1189
4432
4293
1665
450
3220
1230
1333
99
426
1240
2433
5621
5052
2752
636
771
2786
4064
743
3693
5846
4394
4427
5789
862
4136
1811
1372
1612
2225
550
4506
784
1015
20
2360
5636
1159
5142
3886
4770
671
4303
2914
3521
2871
1224
4997
2611
2646
1321
5932
2418
4921
3724
4784
2423
2590
3932
1579
4702
5458
509
2282
3184
945
5693
2603
717
501
73
4382
2088
343
222
2581
2161
5276
2479
5353
5194
1681
1700
3067
67
3481
4078
4627
2830
2073
4787
1882
5557
3775
5471
4579
3421
3437
3864
1506
4763
5555
5197
2109
416
4872
5133
5170
124
5217
2457
3141
1241
4928
2848
1663
4963
5480
2635
3538
4379
2787
4115
878
709
409
2037
939
2563
3561
5386
19
18
4925
2265
2546
3115
1662
1132
2598
2206
5000
3027
4364
3150
1512
4149
4036
5673
4995
284
1001
759
3763
78
3642
4194
243
272
1831
1472
1735
3506
39
5121
3713
1405
4011
1582
3586
1037
2674
4134
404
5691
1083
3029
2713
833
1910
1722
4513
2962
5632
2610
2498
1809
5348
5361
4728
568
4041
2006
1331
4336
4767
4287
5782
3583
5585
1518
2935
541
439
5898
3483
2754
718
3195
201
6032
3983
4597
3551
5562
3537
4825
2093
3385
4564
13
92
2849
715
4332
931
3563
1929
1005
1995
2772
5904
4827
3309
638
5697
1553
1651
2439
1455
3004
4736
1638
2728
4480
407
3258
3170
1033
6027
2315
1188
3378
5532
532
4420
5699
1805
3373
4509
4116
4491
4723
5995
351
5913
4888
4508
1094
3982
2902
5609
5821
4137
1166
1550
4811
5228
5865
3639
3675
1895
1270
5933
1601
1311
5277
4073
1714
1800
4047
3020
1388
1336
3479
4496
3567
3251
2220
4236
321
3035
3898
3556
3825
3116
253
962
245
3756
5039
4182
2117
265
3946
5749
1103
4829
801
3577
1089
2735
4460
530
5399
1386
4410
2236
4998
1483
1247
2198
3139
263
1293
3541
933
2380
2909
1316
3897
2195
1555
2731
2122
864
652
4775
4532
4824
4677
5362
1850
332
1385
666
2499
5166
3275
4017
279
742
3451
2820
1153
198
5646
2818
5114
5344
502
3839
1912
1194
5156
3065
708
4052
2555
5387
3878
3614
4874
5303
5867
2799
2106
6024
1525
3166
2180
1526
2228
4179
614
1797
35
3899
5356
1841
1943
4505
3720
2361
230
3283
2136
994
4022
1049
2778
1225
886
5160
5108
721
1524
1081
2455
5100
2980
2237
5295
4984
5177
3112
2506
2573
2480
5862
3669
3090
3589
5054
4856
6028
800
546
809
5538
2842
1202
5936
1423
4794
200
847
2518
4187
3384
3807
990
2619
4511
5339
5111
445
85
2885
586
2
5238
1092
5651
3867
3766
1216
1939
2072
5972
2862
1828
4062
1750
5173
5297
4539
5429
5278
619
1148
3717
2255
609
1266
2928
2341
5569
1686
5999
71
5875
5928
3335
319
82
1931
3484
3794
2244
2617
774
1362
2124
1016
173
5963
3743
2047
2448
870
4449
4722
5481
4683
5442
149
2174
3957
3733
5838
5745
1774
2501
4633
5113
892
2045
2263
4001
1397
506
4139
821
643
4249
1174
2717
1492
1077
1054
1383
296
1471
1237
3747
1395
4968
2108
1919
1838
4504
4261
1087
1442
2233
2940
1832
1585
2224
4911
1565
330
5960
4174
2238
2066
2419
3399
1887
5716
2486
1006
3667
5806
3694
4082
5935
2684
5048
1967
2748
2069
2039
1025
1529
4095
1881
1892
1737
4908
5835
4300
2602
1710
2397
3089
374
3165
5290
1613
4625
2528
1303
3510
1759
2662
2071
3243
5504
467
2634
897
1222
3037
4431
3691
3271
4477
2285
1497
2825
1140
2468
5717
5375
525
5040
1008
4469
4090
1418
1778
5799
1181
2939
1721
2352
5337
5302
4694
1063
1294
5645
5931
3762
853
3816
493
1873
526
112
2888
3416
808
1551
1012
2182
4813
4768
1074
5762
3883
654
494
5930
3231
1384
5159
5189
5307
3016
4685
1717
5598
5755
2408
2831
3492
401
5187
5334
2234
98
910
2203
4931
4738
5235
2615
2261
3885
376
2365
4221
3190
4238
4994
663
2477
1028
1619
138
5817
443
1095
5774
1595
5565
5591
1863
3158
5827
685
1176
667
2847
1187
3609
5792
2771
1475
1535
566
2425
5164
1009
637
4424
1692
1055
3921
6033
4241
118
6039
911
5787
1494
5423
2034
1625
6010
1177
4661
5449
197
2959
3294
1212
437
26
5707
2865
1794
3587
5454
282
2781
3014
1937
3994
5130
3061
5790
2356
4094
875
4398
5047
3218
3352
1849
953
5785
4586
481
5620
1080
937
1637
2761
1317
2458
5795
4854
4920
188
5005
2102
5317
1934
5289
399
823
4666
5925
1817
1118
264
4950
305
3941
3174
5870
160
5006
3453
5962
846
1107
5542
3788
3011
2026
3
635
2920
5534
2335
5571
1256
4235
658
950
4582
2955
1134
5385
4650
1236
2753
5319
3777
3951
678
3976
4843
2593
3199
237
4103
4423
3798
4317
6035
529
2832
835
1155
4071
5807
1039
2424
370
3031
5760
5045
4089
631
3500
4341
3879
3287
3689
2121
1326
4329
2028
4454
3625
820
2062
1636
336
2678
5777
4096
5488
3330
913
5412
6037
3097
4146
80
2146
701
5208
3178
1265
608
2589
299
1211
587
5798
975
857
3221
3274
4855
2596
4258
5460
1755
5346
1577
5802
2992
2378
5873
696
4795
688
2679
1826
3111
5853
881
1901
2390
3923
4168
3989
3937
5985
1122
1567
960
2971
3072
221
3395
1708
5949
5800
916
4459
1278
1113
866
519
4831
1634
2469
1655
648
2101
2126
2415
3552
3888
5574
4311
3389
4614
4253
397
4669
4832
3734
797
3515
1536
1141
2230
1528
337
2127
5485
1099
473
626
224
2759
5834
1022
25
3197
3010
4076
3658
3365
5257
1917
233
1480
1631
1584
1355
4493
3423
2392
1454
2917
3757
5469
5380
1110
1539
1458
418
234
2027
1474
5733
5947
4461
3003
3522
691
4150
1617
2605
3748
2162
4791
2400
4699
3676
5098
2413
489
4524
3601
4643
1320
5780
353
5233
3247
4828
2647
88
2583
1325
3527
682
4917
4640
3225
1644
1627
6036
2673
1473
1407
5439
2541
2881
1357
4348
3308
2543
2982
4951
4262
665
2149
3725
4988
4471
1142
5028
1398
17
5414
1304
5389
1804
1269
4002
5220
3363
4989
3375
5196
3419
4346
2394
5791
3704
2981
4091
5597
3177
5058
4264
1203
4876
4019
4725
1719
1587
1695
1031
3991
2023
2514
1431
4527
3098
5958
1952
4255
1984
293
2788
159
1891
497
5273
2369
3746
3963
3829
3912
1713
615
260
2907
1450
902
5425
4930
5809
5437
475
1242
4215
4755
5943
4918
2976
4156
4550
4494
3441
1889
5650
5694
3575
3272
5009
177
5176
1056
411
1347
42
4353
3809
1100
4151
4566
4495
6025
603
3052
2803
3073
2350
2437
2729
4037
5351
2330
4081
4004
3024
1245
2527
1023
49
4580
5608
95
1027
2876
2644
4840
3739
1799
217
5064
3159
2547
1979
235
2357
5769
4272
3812
679
2974
446
1677
1404
1806
5529
5944
2179
1408
754
3550
4646
4802
3528
2229
1309
4715
4213
1517
2845
3796
1359
3814
394
4816
4607
350
2260
770
2843
5897
656
3637
1301
4297
1371
2348
5868
225
1768
1630
477
1827
4416
2685
4024
1511
6030
5527
5243
4339
4503
2301
1941
1000
520
1566
1643
1788
4224
5499
4789
5152
3778
175
5436
3799
908
1672
2095
2660
979
1360
4478
5884
5539
3858
731
4565
202
1508
592
2655
66
1261
3224
2191
4355
5667
2722
1318
4688
4567
3160
4198
4594
4844
905
5331
5741
4328
5911
110
3966
4551
3894
2708
4352
2901
3240
4344
3009
1151
2249
3327
1666
2274
4301
2711
792
4006
2492
472
84
1133
137
3229
4425
5497
4563
4622
4367
4397
5413
4598
3737
3370
1920
4404
1098
3531
2303
1680
5325
167
3302
5603
258
1588
5570
3671
6012
2681
2810
3640
4892
1373
1169
4051
834
4621
3986
2629
2040
1156
356
2290
2286
2659
1848
5824
4945
6023
1787
3730
1777
2965
1470
4658
125
877
4502
5721
683
5940
3955
967
3400
5954
1818
5803
196
3278
4472
68
5917
2443
2217
2273
1599
5660
4270
4590
1558
2154
5394
5736
3721
2291
162
861
2081
4313
5254
3862
5388
4013
647
1315
157
3376
2912
3662
2212
3173
5218
3847
5275
2240
5990
5959
2632
4251
4600
2986
5866
1776
2204
3845
2764
5880
4631
2322
583
236
2747
5322
5639
335
1760
3380
5566
2985
2987
4310
5676
2564
4234
1312
2078
4098
3051
5874
5767
2354
4711
1739
3244
2868
3101
2112
338
1403
3948
5199
5720
5973
5140
5360
872
621
1308
3320
286
1991
1963
1622
798
2459
3977
2219
4245
5583
3499
2958
2289
1446
54
4417
403
4377
2864
2098
2364
3928
2251
5519
1426
395
5761
5072
4035
575
3958
2838
1430
4464
3620
223
480
1966
398
5335
3896
670
5293
3208
4267
4197
5188
1367
424
750
154
4242
1690
1096
75
3493
4875
3454
1609
41
4193
2669
3860
3201
5856
3805
4451
4900
5091
2906
1825
4169
3270
1282
1059
5237
3837
4312
4978
4571
5734
3913
5241
69
3409
4745
4175
694
5588
4318
1668
3360
4361
220
280
436
365
133
4190
3683
1002
4545
4962
4498
3432
5663
2580
4448
4170
2123
3358
44
1069
2552
6040
1035
1051
2587
2239
1021
576
3091
4075
3070
4008
1894
52
889
1193
5672
538
1276
5653
3686
1086
4171
1164
182
4913
5971
5671
3095
5675
64
3613
1299
4959
5688
783
4488
5330
2873
3903
3726
2331
1684
5443
5102
5731
1235
116
826
3026
5259
5021
4562
5984
102
4617
5151
5773
772
1866
4250
1272
5514
3540
3650
3171
2334
5890
176
915
3532
3107
3904
3960
1288
4411
5622
5739
2741
3189
2011
3578
4624
2591
2625
1350
2185
114
1923
2339
5644
1740
6026
227
4227
4517
560
1464
1482
1543
340
4897
5503
3299
1605
5946
5459
1530
2207
4233
2262
1764
4961
1993
2181
2956
2351
5784
1138
597
2639
3696
3460
2878
1537
865
4838
4068
3122
324
790
4866
5146
9
5466
2677
391
210
5062
2952
5172
1060
1938
807
6008
4080
4102
2445
6013
507
561
1945
5157
5978
585
4638
1239
2404
3117
3631
2402
3741
2950
4415
673
1883
1507
208
4000
1390
2147
4773
3256
3146
5211
4796
1259
5117
4788
203
3715
1488
2005
4097
2296
5690
3759
5318
4066
3495
442
5724
5560
3592
3041
4356
1029
3545
4117
3398
2061
1152
109
961
2801
4785
3633
2988
3080
3842
5104
1500
3216
2687
2792
367
556
5219
1105
5778
551
2645
1502
5554
341
3211
5896
1752
2312
4990
3488
2332
690
2521
3610
4681
1349
2548
4864
3624
4014
1725
1610
228
115
5226
4561
3230
766
3470
5857
3523
1364
3088
4730
1785
3895
415
1111
290
3876
3346
1654
5726
2540
484
5404
3175
802
1676
463
3284
2463
2850
3236
2895
3869
438
1445
2454
4246
209
2510
2994
2829
3768
3332
1196
5341
610
3535
4834
3569
1391
4884
4979
943
4028
3350
3292
3459
1642
1641
3079
1254
5522
4289
3289
2575
1702
4183
5181
1907
594
3907
5081
891
1915
5970
3357
184
2869
47
618
2089
5655
3995
207
4450
1783
422
1204
2387
5657
4907
3401
5165
1842
3391
4741
5116
5106
1614
3108
3148
1771
5433
1484
276
4700
4054
4347
3802
4130
2420
1897
327
1124
4808
45
3706
22
5564
873
4613
5250
3516
1232
5224
5766
935
94
150
655
3241
2631
3795
5744
5274
4877
1549
6009
81
101
3708
3260
1297
4065
4786
3660
2103
4764
111
2100
3745
2866
3442
660
4384
5541
3930
3105
5592
441
1922
868
3463
5747
190
4122
5587
3172
1514
5669
5410
5714
5624
3981
2338
5623
3155
5648
2094
5869
5213
4007
4507
4338
748
5122
3783
5026
5364
2929
3844
5078
5198
1769
1699
765
5457
4992
4880
4042
5493
1057
1540
5085
31
692
5393
5982
4948
5950
1900
4140
999
2389
3356
496
894
51
3334
474
4362
3038
5137
4385
135
3820
3465
796
804
4484
5255
5313
3915
539
3849
239
4447
1792
4063
421
3205
2113
4045
3600
1273
3457
1594
1533
982
2975
5138
5512
1590
1890
1449
4155
1706
2211
4689
5670
2511
1062
4857
1761
5190
3113
1704
5068
4482
1950
4648
4143
5074
3249
531
3124
3261
4873
3722
14
4935
4058
4285
2947
449
4306
5523
347
385
4365
3193
1705
3136
4029
1544
3668
5848
4208
4934
4207
3498
3908
2470
3517
452
1084
2444
3132
1149
1685
3397
5214
3255
4259
5002
1414
2295
2253
255
5051
269
1580
1623
4542
1045
4805
932
4025
3797
4123
5765
2607
840
559
5445
3508
634
4707
5491
3369
3296
3364
379
5205
1775
1218
307
2377
1078
4531
3619
5843
5536
1007
103
2472
3304
860
2964
600
2104
2015
5813
2105
3727
256
602
1592
2689
3514
5153
4282
3045
3422
3855
2199
4954
3143
2654
1885
2545
4217
3273
3533
4906
3415
2793
1816
285
2405
1940
3967
5377
1162
3525
5301
4543
4615
5019
5546
1171
814
5288
625
4850
2132
2446
5163
3603
2267
4974
5659
2345
4748
5441
4790
2308
163
1178
4177
5551
703
4587
5983
5336
5406
4847
645
2535
4676
5126
1292
165
2375
3810
2721
2156
5544
2851
2391
5192
2718
5635
2017
5018
1840
1375
2466
2861
1711
5093
1600
795
4142
855
1034
479
1793
2828
2582
3134
4574
5158
1845
3673
5096
5889
903
3149
3507
813
2406
371
5606
3546
716
4360
5992
24
1879
3168
2372
3458
5775
3444
2257
3990
2188
5833
1789
4692
5101
289
5451
2665
3732
3916
4704
5244
3785
4256
1274
38
5684
3560
5246
5204
5643
2215
1327
4860
816
5899
60
3182
4374
3581
1238
1801
4392
1393
4409
4119
6011
5815
1104
2726
2242
2383
1503
2652
582
1047
776
4801
3008
2922
5003
3758
863
2599
8
413
1220
1433
3868
1657
2317
193
1251
521
2192
4263
1119
2601
3402
2158
3297
2231
4422
1961
3329
2169
5483
3699
304
4868
3417
187
57
4853
4164
440
4656
1328
1754
3742
998
1460
3663
3039
2606
5593
1201
2467
2993
113
2340
3998
5682
900
3815
5090
3394
1228
5674
261
2795
2050
4547
244
1852
850
554
2822
1428
5082
2135
2860
5664
2393
1368
2706
1652
2205
5638
2048
5402
3106
3565
3526
3068
2937
5951
4916
1712
777
3430
5422
5234
3570
4510
4222
1569
2697
5034
4176
1611
1796
3226
4240
4294
1185
5756
5012
5974
5118
5365
3534
5590
3076
2250
540
2733
4663
4905
714
2794
4462
5753
1394
3774
331
1531
2293
1913
4523
5563
5124
6002
1191
3949
3452
751
3838
4757
352
2003
628
3542
2979
2618
1490
4626
5710
4865
4919
1604
460
4691
1718
590
4632
1322
3046
3347
4657
859
5823
1444
2532
4152
3418
4400
1101
5966
3246
4216
1956
2664
4074
737
2044
613
4529
4781
3605
1694
5515
3811
5964
2698
3652
1648
2189
5043
2056
4247
4204
1052
3843
3215
522
5666
2012
2358
2797
722
5498
563
5991
158
3425
3591
5209
5083
476
542
2934
1205
3192
3288
1495
3473
1369
4623
789
1432
3851
1698
4144
2730
3925
3431
3300
1959
1798
963
4442
4652
3685
927
2344
4659
3286
4458
277
1568
4758
2031
5367
2572
6018
2749
3408
6014
1410
605
1606
5260
1319
3092
2516
4321
5516
1283
3191
2482
918
2067
2268
205
3954
4915
3015
5729
1382
5611
2724
2374
5852
3723
5998
3109
3341
3074
4946
1381
2622
5475
3269
131
5752
4944
2882
5926
5518
1451
1538
704
3018
3456
3324
5440
1734
2574
5216
2636
976
281
2858
194
5495
3439
1150
3071
5269
5689
4340
4048
1738
5640
4922
3406
5182
719
1370
5758
5415
5910
3643
4199
107
5885
2216
2032
571
5033
1041
2401
2630
2243
4324
3340
171
5860
1689
5135
4898
4088
2160
3735
5738
5037
5517
4861
5050
4839
4605
5759
3850
56
4020
4466
462
3524
1334
2549
1197
1018
1903
1324
4421
3127
2892
3608
1161
275
292
4891
5312
2278
4276
3920
2963
4965
3214
1703
1044
641
4869
2628
3207
4127
4296
4747
5476
3455
4848
2973
4237
2969
3429
2368
5349
4473
1486
4863
5001
2119
1079
1782
5306
5508
2422
992
4575
6022
1523
5448
5822
4703
1422
2010
3069
1209
1519
761
956
364
569
5861
3970
1468
366
55
1572
2170
1616
5462
1835
5825
2824
4693
5059
1020
564
5687
5434
1280
1924
5548
2266
5740
3050
3826
4947
4186
4671
1075
5236
869
5342
1757
5206
2508
5057
4292
3464
3021
1479
1746
1541
3710
2337
3326
570
1267
2326
687
5071
5136
3993
3501
4219
2588
3200
2507
3933
4084
5296
2886
1088
1415
1402
713
3001
1576
4412
752
3729
5965
4455
2877
3701
555
372
4777
2016
1589
1688
4601
674
4894
1962
2272
5695
2696
2812
1701
4487
4184
499
516
97
1307
740
3307
4358
2248
2967
5066
1927
3354
706
4435
528
5035
2052
3823
606
1545
2426
1115
2099
4121
2329
2314
4800
5686
4798
4769
4192
4960
142
5828
1339
2434
1951
5352
5561
1441
2821
4248
3032
2133
4009
4731
2932
818
4969
5955
535
326
2863
2440
5524
2991
1072
2837
1406
904
4909
4027
5155
5227
5110
2362
435
5316
5601
4952
2183
4752
3345
4046
980
3250
465
1824
1003
3023
756
3636
5167
4941
2153
3285
257
2116
5076
5065
3505
4443
633
3772
4128
5426
3440
1082
5084
5125
557
1416
3461
4519
2889
312
5715
2502
2841
4118
5612
4760
1820
4806
2745
958
5324
4929
4468
5456
4053
5702
622
2316
5132
3203
3750
3337
3638
4180
4651
2054
578
4713
1233
4188
2663
4982
5357
2604
2700
384
3753
705
3555
2656
5398
5468
1971
2311
1830
896
3782
827
2927
4608
758
2076
4114
2523
2481
2997
4609
3682
3393
3874
2569
294
5878
2487
3367
1942
4158
4391
543
2302
2627
2826
3181
3512
5703
3252
3377
810
1487
5535
5505
5088
5479
2084
2817
1343
1361
128
1043
3486
248
4585
323
4280
4616
527
5844
1374
5178
2382
3529
2727
4684
4485
3282
617
888
5015
3446
2923
2271
3973
3831
5732
3877
3564
21
1819
3975
5338
4914
4436
4578
3162
1476
4592
3217
3801
3827
4093
4653
4196
1513
3053
1596
2614
287
2846
1243
213
1290
1066
4878
4322
2497
250
5359
4862
295
4635
1853
4803
3679
2762
5305
5147
6000
2740
1675
3588
4742
5145
1353
812
5291
4818
2475
4120
3212
5239
1682
2148
2318
4602
430
573
3859
3936
598
4092
1981
2954
856
3969
91
879
764
2779
3196
4408
986
2412
4778
3467
63
3103
4577
2014
4956
4899
948
1964
1498
3102
1673
3372
4283
100
4783
2051
4161
4822
3950
4520
3366
4533
4401
3322
5531
1137
4559
4316
1501
4904
2742
1411
1123
5109
4541
1013
3313
5547
1168
2241
2893
965
1130
5368
5837
1427
1285
4544
4077
1509
3152
3656
2621
2194
4584
4279
1469
5533
4618
4372
4323
5328
3494
3368
2558
925
212
3629
1561
1184
5086
4489
929
3390
2000
4686
1659
5042
5550
2624
5842
4305
3491
3659
2432
4953
4309
266
2908
4406
2256
4012
4428
3093
5948
2346
3407
2903
1419
1645
3644
5757
3137
4269
4043
1448
4465
1439
5195
79
5095
695
4980
3945
1765
4620
3709
4964
1534
2613
2292
3773
739
549
3666
2496
2544
1958
5496
246
2905
791
4229
40
5647
974
4967
5281
2551
5811
10
349
4069
373
5882
5735
4165
5162
1748
5112
2775
2600
1337
2744
924
2859
741
2926
4200
5029
5719
2252
4630
5321
218
3316
591
5654
2670
302
596
4085
434
1264
2732
5186
382
2707
3519
1229
432
5979
4926
4830
3145
1854
3597
1872
1723
5830
3992
1489
4363
3902
5203
1435
1669
4641
5997
5615
2780
5128
2269
2844
5060
3392
2287
5501
1102
4370
2163
2049
3087
2568
887
2941
1289
1683
3698
2676
1400
119
2070
524
4759
2595
5285
3927
5558
5728
664
130
381
5097
2053
831
2623
1822
2144
1812
1147
2065
4942
4678
3835
3953
485
5265
3573
1255
3433
90
2438
5249
2417
2151
1234
5444
1574
3917
545
1392
1729
2789
1323
5794
5343
333
2946
3183
291
4274
2427
959
4111
1014
4030
1921
5584
3579
611
4716
4439
461
4366
2682
180
2785
3554
1120
1221
1571
2120
5030
604
949
2385
3621
15
817
5819
4026
584
5506
3819
2313
5310
3005
523
4858
1762
3630
5567
5929
155
2942
2814
2784
4981
2371
3906
5863
27
4260
3404
1091
3558
1521
429
3808
537
5610
3471
4050
4203
5262
1953
4883
317
944
5895
2990
2930
2531
3697
2716
5452
5993
5871
4326
3674
3206
3042
4821
1295
3606
1136
1046
1121
4232
1988
2948
4940
4910
1821
2693
3688
3971
4815
417
1462
5987
3641
782
1126
5463
4893
793
3728
851
930
4846
3387
811
238
4124
1994
3169
2442
1884
3154
517
849
1345
3028
3339
1491
346
3853
2310
723
2898
2186
5300
3754
4125
4010
1253
624
5025
1833
6004
4133
662
5920
1807
3110
1499
1192
120
699
3922
632
4153
3539
408
1215
5432
2833
3821
4403
2041
5366
1440
297
4540
2079
5855
2359
2456
3013
4819
3504
123
1791
3123
1928
3438
3513
2277
2579
181
4973
2030
2757
1346
2410
2036
4970
5751
5131
7
2802
3007
1485
4413
1263
1465
4359
1250
5903
2145
5701
2009
1421
3939
3305
3980
2739
4750
3711
2218
4201
1954
1354
3649
2919
3714
858
4057
3426
5378
1909
3044
2972
845
775
3100
5859
844
3875
3870
48
676
2307
5706
5779
3789
5032
1772
3943
1313
3291
1795
700
3448
5649
2699
271
2223
3776
4389
917
132
3301
5876
5764
1129
4315
195
5679
1522
957
3248
2910
240
1279
4429
1786
5474
3120
1936
514
661
995
4662
5371
4991
1933
2254
2140
629
2450
735
5044
4534
1726
4474
4243
1379
5879
955
4214
5596
2594
2024
5668
2304
4129
4288
3974
2022
2951
2270
1206
363
5221
989
2461
2690
4958
5379
2592
3388
2110
37
5975
2209
1376
2077
4667
3646
5820
1745
745
76
2899
3254
1724
1200
1970
1378
2767
1767
1989
1510
4751
3661
5486
3049
4835
3712
848
4298
1210
2210
2756
5070
5161
5907
3310
2536
4665
2007
4554
454
3882
4373
2097
3253
3566
4206
3771
5727
143
5883
1356
4804
5105
971
5918
3670
2943
3536
4642
4225
4933
3140
607
5119
5333
1563
4399
1198
4419
70
2915
4191
5796
6015
2025
1969
5487
5886
749
4901
5053
942
3618
3413
358
2013
5294
2525
5696
1756
5952
283
4525
1363
288
4230
5464
4308
2141
3085
1935
2355
5430
5447
5103
1581
4776
5989
5494
3687
906
2867
511
4774
1886
3485
1135
2235
3884
3209
470
504
1918
3787
451
4772
2566
77
553
2416
2431
183
3147
389
1481
354
419
3186
4218
5545
2710
2173
1621
1893
3443
3142
3276
3202
2167
5915
3988
189
4330
169
4823
3964
232
1629
1199
534
832
5942
885
757
5094
3784
4977
4060
702
5642
1463
4546
3411
2509
3468
2960
5678
1467
1976
3548
298
1557
5713
3866
839
5776
2695
2872
3848
4314
2165
105
3185
262
4205
5024
4476
93
2519
2411
2883
2770
3695
5580
2395
4552
410
1930
455
4664
58
2043
4481
4475
1864
3002
3530
3924
893
4771
172
3017
5836
1128
5382
1260
2483
1877
5977
1157
2342
5626
4603
5183
5637
2409
3213
4629
3355
1542
5916
3648
431
1874
2029
4761
3157
5395
1790
753
5049
1300
1399
1753
5921
4375
3333
2933
4820
29
2485
447
1286
707
4589
1248
2725
901
3684
1998
5841
1973
5810
876
3094
2561
1139
5253
2178
3635
4670
359
726
2452
322
4331
1429
4083
1808
428
1195
2187
4812
1365
2227
2118
1741
1106
786
912
593
468
3824
6017
2774
2688
2560
4680
412
1911
1053
1660
4231
4593
1252
3681
2790
923
1452
947
2570
4
2890
4445
5482
2398
5968
2447
3938
2495
2125
5797
854
2471
5923
104
5839
3804
5683
1352
2808
4955
2435
3622
3257
871
5801
733
3793
4537
274
3119
4005
657
1647
5075
3645
1736
3780
5179
141
5023
1036
895
4526
170
1855
3480
5326
2835
5461
2529
3576
5602
3584
4172
2035
4483
922
1413
2058
4833
5046
4015
1389
3572
3863
