1193
3408
2355
1287
2804
594
919
595
938
2398
2918
1035
2791
2018
3105
2797
1270
527
48
1097
1721
1545
2294
3186
1566
588
1907
783
1836
1022
2762
150
1
1961
1962
2692
260
1028
1029
1207
2028
531
3114
608
1246
1357
3068
1537
2194
648
2268
3468
1210
3578
3030
3035
1610
2236
3071
368
1259
3147
1544
1293
1188
3255
110
1834
3471
589
1945
982
1873
2858
1225
515
265
480
1442
2067
1370
2353
3334
590
1196
736
1198
593
2571
2396
1953
1954
1955
1124
1957
163
380
2501
349
457
1096
920
1527
3418
3451
3095
2002
1784
2943
318
356
1247
3421
1394
104
2735
1079
1615
1291
653
2167
1049
552
1266
733
1197
1378
1379
3552
1304
2470
3168
3671
2006
2871
2115
1968
1136
2081
2987
2333
1175
2337
1535
1392
866
2770
1759
506
1250
509
41
2997
2700
296
728
2560
1046
50
1192
377
3083
2427
2289
162
3016
3163
2291
1635
2723
1921
2580
896
176
1715
1649
1213
2599
2959
908
1580
1729
2890
2029
551
1513
2318
1517
1089
3260
913
1730
1449
1732
2390
1734
3267
2395
994
1885
348
2323
29
562
1095
1529
2908
32
1897
1171
34
714
2406
1101
3717
1030
1688
364
3501
3072
3074
1043
597
383
1569
3604
2802
3534
3536
3753
838
1947
2966
266
17
3699
1441
1088
912
199
914
3624
1380
569
1674
3565
288
1466
1393
1682
2916
650
151
1265
58
1840
1916
230
1120
1411
524
1701
1274
741
1704
1639
3528
465
2442
73
3246
1573
105
253
3107
3256
1653
111
3259
1589
14
337
16
269
555
3265
1735
3481
2686
24
25
2329
1673
1678
1027
2699
36
3793
720
47
1617
2278
223
3298
300
1777
529
745
1923
1060
1358
3751
2302
1500
1148
2166
3253
1584
1221
1223
3623
778
1307
2324
1753
216
663
3448
2076
246
1288
3608
764
2746
333
2174
2683
345
3129
2766
3148
1546
2282
3809
2795
1059
3160
1563
3178
543
88
1080
481
2539
2109
1244
3897
923
858
3658
1303
999
1331
1262
1356
329
2161
3479
1372
1374
780
421
1127
1204
2370
2046
1263
2731
3033
2920
3081
1269
2572
2724
2581
2761
2369
3175
2394
2975
1179
2553
1253
1185
3503
1909
3006
1408
3879
3510
2640
3375
235
164
2140
1343
3527
2657
316
319
247
750
1284
2660
2661
2662
2664
2093
2311
2173
198
1376
2752
1019
2321
3700
924
3701
3703
2901
3704
30
428
2407
3713
2912
3576
293
3070
1614
942
446
3156
2287
2288
1129
3300
1997
454
1200
3745
968
1206
1069
76
2377
2010
2011
3827
1214
1215
610
541
1077
2527
2455
2529
2021
628
1594
1301
2105
707
3417
2542
1748
3927
1240
2116
2117
2985
2989
2622
2628
1683
2993
586
158
2137
2139
592
596
2573
302
232
2141
2143
1271
1275
2078
313
249
2080
2082
2083
1282
2085
2087
2089
2739
3396
3397
3398
3399
3034
3108
2090
902
2096
10
261
262
2248
2826
412
1956
3489
26
1387
3633
3635
1960
3639
2764
1025
3494
1967
353
2336
2193
1396
1032
1033
292
44
2414
367
940
3723
1702
2000
1201
2005
969
2872
2947
2948
1711
3247
1643
2375
2951
2019
1073
616
3252
475
1654
1587
2020
1805
3269
2100
1234
1094
2616
1242
1756
1321
3863
2991
1258
2707
2638
3948
1407
1261
1339
2716
2717
2644
1918
1772
2648
165
1277
1278
1350
3461
330
2687
785
3638
2836
420
2694
2841
1036
1982
2423
3082
2860
3596
1994
2502
2366
2001
3744
2949
3174
1645
2376
3752
1219
1722
2454
1220
3264
2976
2641
1912
1371
70
3000
2800
3868
3869
585
2064
2138
2072
671
818
3526
678
180
1799
910
2249
771
1884
3052
2189
784
429
2265
1391
2195
1034
2348
1047
3660
3661
1205
532
81
1222
3698
485
2391
95
3917
1747
1676
1249
2054
3505
3435
1690
1267
2712
3952
2148
674
2726
3104
3032
2160
196
911
1958
21
1965
39
2917
45
52
1625
3740
2009
2012
1218
2528
2968
2600
3770
2108
1306
493
2617
3786
3424
3361
153
2132
303
2144
2145
175
2301
3039
1296
2671
2243
2245
1377
2757
1959
425
2915
3210
2352
953
1057
1633
468
3685
3254
1663
1230
1090
2709
2490
1917
688
2676
2253
546
2541
3502
3506
3360
1833
5
7
804
3441
161
168
2146
3101
252
3614
3543
1876
2312
2316
1457
852
3707
2906
1966
3206
2262
2409
1608
361
2411
2340
3584
511
3152
378
62
3308
3098
1135
605
1640
74
3173
2447
3686
471
3257
1586
118
1084
3261
3263
3194
2469
499
207
2550
1285
904
906
3548
334
916
846
928
930
954
3097
898
1224
1660
1176
3943
3949
3554
1041
1216
2544
3507
3363
2208
2135
3516
3524
3022
3028
3462
1937
2300
3037
905
1297
2747
357
933
947
440
3088
951
955
957
2935
1125
3096
961
3675
2371
3690
3341
3556
3079
1208
474
3787
2554
581
1189
3362
2633
3364
2565
2206
1333
2646
2647
2649
1340
2070
3019
2071
1344
1272
2650
3386
2159
1792
3102
903
3546
3110
2313
2178
2183
3498
3499
3204
931
1103
431
508
949
2852
3735
3230
2941
1130
2944
1061
3244
3682
3836
1086
2467
1300
3844
1092
3340
2612
3271
2118
2983
1680
2485
587
1835
222
2133
2710
3450
11
339
2261
1100
2413
2416
1479
441
2424
3087
3591
3594
2792
2794
2796
2432
539
1641
2888
550
1091
708
497
2478
3359
1251
1252
2708
3365
154
3871
800
1264
2575
1419
1283
824
2088
2732
3467
2303
2238
2239
1292
1294
3549
1946
1949
2171
915
918
1013
2682
28
3566
1964
3060
945
2926
2932
2863
3091
965
899
971
3681
1217
2385
2969
1733
123
3852
1172
3788
647
1827
144
2058
3504
2702
2706
229
6
1405
2065
1191
3512
1911
233
1276
2722
3525
172
2155
256
2094
1295
1299
3551
3480
2250
3702
2763
788
1963
2693
1603
2334
3066
2269
3712
500
2774
507
3213
3142
2418
2273
1476
3727
449
1485
3301
2433
466
3176
3821
2013
1147
1078
2023
3763
2967
3697
553
556
2605
2393
3196
1597
2972
1233
2973
2540
3785
1183
2059
224
236
2677
1620
381
2431
2506
1801
1672
2772
86
2719
1658
1257
2134
3519
317
1429
1518
1373
1375
3555
2681
2403
442
379
3802
3807
2015
3758
2520
2530
2533
2034
2111
2986
830
2961
2
2077
3612
3044
2846
1552
2297
1064
107
3755
3251
2399
1235
3928
1821
3284
3358
140
1186
2496
1286
3466
909
691
1014
1894
289
2266
937
2779
46
371
2426
3099
3812
3814
2443
3684
1226
2468
2473
3280
3939
1327
1347
1969
2338
1970
1971
1972
1973
1974
1975
1976
1977
1978
1979
366
1980
1981
1983
1984
1985
1986
891
1717
1644
2107
3273
2344
1554
159
13
1952
1054
3741
89
494
3861
3155
1337
3159
3409
3617
3618
3553
3484
1895
2126
3020
3208
886
3274
517
3916
1248
1177
571
718
3930
3932
1320
1184
724
3004
1334
1190
661
1268
735
1199
3018
1345
1279
2154
1425
1280
829
3100
2232
901
2091
2165
1290
1365
832
766
697
3045
2322
1522
2252
922
2186
1459
3063
3067
1395
799
1611
1619
3078
2349
1621
3153
1480
950
1487
3307
3092
2363
963
1498
893
2517
100
3249
3179
1648
2450
3326
2459
2389
3266
3198
1810
3342
2613
3270
3285
1754
1686
1687
148
3509
2639
1693
1769
1913
2718
1845
307
1779
2728
173
177
3600
3605
3464
3393
322
2598
326
184
259
188
3476
1009
190
193
18
268
3620
3550
2750
1950
3557
341
22
1888
272
3708
280
281
282
35
358
3571
1031
2919
501
432
290
2851
3654
513
2787
2789
448
3668
1991
521
2867
522
456
2003
3747
3676
2875
538
1211
1212
2952
2956
617
3693
482
94
1302
3918
2106
1305
2038
561
492
2112
3926
2114
3873
2150
3049
2788
3250
3672
2359
3728
3794
3429
3694
1228
2033
900
3134
3061
3224
3089
959
1935
3469
3545
2670
3808
3811
3816
1066
615
3911
1422
986
2583
350
60
2045
3882
3646
3789
2124
1254
1256
2130
802
1409
2069
3011
2212
3015
1414
2079
1281
848
1450
926
929
3200
3201
2331
1463
2341
2272
2436
960
3317
1727
3330
2463
3197
2472
3350
3508
3296
1914
2729
1931
1934
1938
254
185
3613
2819
1944
2820
3629
279
3706
3634
1104
3729
2782
2857
1050
2939
2940
1203
2870
2946
1209
82
1082
3841
1161
630
1099
3929
1245
1416
2913
3005
9
1298
2421
3157
1562
2471
2803
1797
2815
434
2950
344
3167
973
1939
277
2929
3112
3069
2690
1243
2439
321
40
476
1432
1093
3798
1187
3124
3864
3889
692
2170
861
112
3438
3439
3444
1858
2808
1883
1037
2357
575
577
2123
2052
2053
2057
8
801
673
2152
1359
2162
837
1460
1474
1551
2354
2429
1489
885
2430
1707
1713
1582
1588
3400
1806
2392
1592
2555
2559
1831
1919
1848
239
2720
1920
181
258
19
3483
1015
2828
1018
1021
609
2953
87
558
700
2036
631
709
2384
3282
2499
3606
2596
1794
1871
342
417
1024
298
1042
2017
84
2971
568
3404
231
1178
1260
1348
978
2921
2924
3730
3742
2879
3683
805
3316
3185
1762
3513
1892
2453
2629
2734
2861
3324
3826
3914
754
2184
2701
1760
54
145
1446
2927
1231
2125
2084
3040
1381
1461
2606
1951
435
2874
2043
534
2203
3870
2204
907
2314
936
943
944
946
1596
1929
1936
1940
2904
3724
3736
2936
2937
2899
3896
3615
3825
3936
3946
1438
849
1385
2402
2404
2405
2412
2524
3268
208
3440
2642
1011
360
376
71
203
2040
748
2153
836
1616
1591
2549
15
533
393
2881
2210
3370
1925
1942
3726
3938
3521
2136
2098
932
2231
2280
1542
1860
477
2066
3895
3238
3354
2672
2099
1012
1017
1023
455
611
694
2188
1388
157
2907
1995
2122
2149
3024
2097
2328
921
2401
2365
2519
2451
3403
2531
2532
2615
2476
2634
2635
2645
2652
1924
2665
251
273
3491
3659
3806
1999
1083
1238
3062
941
892
3406
3934
2327
2346
382
3919
3125
1650
2741
490
1415
1684
2721
1879
1063
390
715
3893
2561
3515
3518
373
3784
3132
3073
2990
1404
1472
1627
1647
2457
2387
1662
384
645
574
649
668
1354
1509
1366
2176
3211
1543
1719
3182
117
3416
3423
3426
1900
306
194
2696
2697
3819
535
97
1310
3791
3064
1477
1624
129
1670
2546
218
3436
1841
2827
2688
3579
3824
2882
2025
491
3719
3783
1289
3053
2181
1464
2356
2361
3094
3412
1699
242
1932
3538
3473
351
1111
372
3813
2004
2877
549
3910
3859
3
3203
1488
2360
3328
213
1859
3764
1227
206
1856
3539
3679
2883
3766
3535
3111
3135
935
2420
2378
3405
3420
3292
2570
3384
2866
2942
3834
1081
2110
3853
760
340
808
2142
2147
3029
2086
3109
2335
798
2410
952
1703
2367
1726
1731
3347
3430
3433
2494
2497
227
3452
3385
1927
2805
3394
2669
257
408
1882
1020
423
426
3585
512
370
3678
548
3768
3846
2041
2048
3007
3117
1516
3055
2259
786
787
3077
101
3189
2611
3275
2621
1694
1783
1785
2730
320
2594
2744
3477
3625
346
3567
3718
363
1112
2859
3733
464
3903
2893
1237
3858
759
2240
3169
314
171
2745
299
3103
1502
1605
1539
1541
1629
3302
2518
1593
125
2482
141
215
1904
3540
3581
68
1202
3831
1236
839
325
274
3908
3874
1353
779
3219
2558
2749
3036
1367
2247
2295
3199
209
3422
2574
1788
2905
352
3760
639
1812
3598
2988
3860
2202
2068
1273
670
1361
2330
991
3357
214
308
523
3746
602
3823
83
85
2022
3925
3177
2996
1255
1355
3366
2656
2666
2035
3921
3922
3924
1613
948
984
3262
3478
3705
3673
2014
659
3002
3872
1194
669
599
3951
680
3038
2310
2180
854
3075
2351
2285
3090
2512
1572
970
3329
3188
3192
2488
3379
1922
2725
3456
2659
1933
183
3470
3547
3475
2824
3559
2830
3720
3655
3801
1131
1132
3680
2880
99
2970
1232
3127
851
934
3145
2271
2504
3425
3281
2590
410
42
1044
2408
2372
3388
3391
3715
3144
3076
1926
1010
2474
1169
2419
2995
3113
2428
2364
2759
2102
573
2994
4
3008
803
753
685
2168
3115
3118
3128
781
1465
1397
1399
1547
1482
2434
2437
3241
3320
1725
1728
987
2610
1811
1816
205
3500
2493
2711
301
2801
182
187
2678
2689
271
1896
3711
365
43
369
1119
57
388
461
72
613
2024
2963
621
483
409
1431
2320
225
3457
1866
2276
3150
2626
1875
514
3877
237
3453
3454
248
69
3743
315
1007
1468
1398
1550
976
1744
2597
2822
3628
276
27
295
450
473
3051
170
3162
1666
1874
2829
3901
719
879
2567
2714
2654
1854
186
1128
2889
2026
2307
414
2129
3947
3327
3415
149
996
1667
160
502
3149
240
3627
2999
2060
3046
1317
2151
765
2241
3120
2255
1526
1390
2345
3086
3161
1632
1564
897
2374
119
3447
3387
2587
3622
1016
2685
3496
520
537
3688
1085
2042
1484
451
1076
3138
2380
1665
135
542
570
1180
662
1533
2425
1483
3187
1585
1664
998
3272
2630
1910
263
3649
1051
1150
3355
2305
835
3050
2607
2839
2771
3915
3851
3857
3181
362
1401
1508
761
3047
927
3217
3221
3245
988
128
1948
2938
3749
77
2897
565
3854
1173
2435
1880
2625
1943
3487
3599
2856
3937
1346
2513
2456
405
2840
2844
438
2347
2325
1689
1870
2751
2263
3243
536
1363
3248
195
31
453
486
3529
2373
2458
1661
1824
2900
3761
1646
126
2120
3933
2121
2992
1329
3013
3017
1342
742
3021
2163
841
842
1655
2462
2614
3351
2651
2655
1862
2668
328
3572
2780
2781
2784
3732
3837
3696
3840
3923
1241
2119
3339
2388
2609
3569
755
3146
3544
3474
338
427
525
3304
1743
1695
3514
2736
3677
1454
3121
3593
3286
2793
3372
2095
3497
3738
1058
3674
1499
312
2891
3865
122
3446
1123
681
1332
3838
3839
3898
2812
336
547
3133
3093
3310
1889
627
1631
2279
3225
1822
3299
355
2978
2925
2219
2182
2817
3289
1162
1515
1590
1755
606
516
722
3894
1428
1384
3338
1941
2673
2843
1039
375
2933
3822
3855
324
1351
1511
2175
1600
1601
2267
3318
1651
3183
993
997
2620
2624
422
2769
424
1053
463
2885
635
3414
3769
3662
1606
309
2810
291
49
3725
504
1362
327
580
2315
3258
1749
1750
1855
332
419
124
1008
583
806
1413
3158
2505
2293
2475
1677
2551
228
191
275
354
488
725
2169
3276
3616
267
2965
2516
1771
3709
603
2922
201
147
294
459
3054
881
2548
2713
3773
807
204
3653
156
467
96
3935
1341
2460
2465
2483
2740
2754
3637
3692
3843
974
3640
1068
1152
2618
106
1809
705
1758
2507
1863
1798
63
2027
1496
1003
2157
3293
3577
2074
3771
2007
2568
3790
2663
407
3490
2847
2848
1114
3832
2898
2128
132
152
2785
3739
2016
813
2492
3945
743
2275
234
413
619
637
1581
2582
174
65
747
3048
2884
3912
458
1328
519
2911
3892
2481
2201
406
3214
1421
1857
1312
1000
331
2448
2379
3014
2286
2667
626
2103
809
810
2306
3345
3710
387
93
3774
1382
3950
2296
1807
3459
3010
1412
462
121
2050
2051
1602
1837
2498
2031
3795
1893
3920
1475
2446
436
444
880
305
2586
37
665
2056
2062
1417
1656
1844
2131
2585
3445
2896
1903
2491
510
1410
3287
2381
2382
3392
505
217
1899
2894
2158
3737
731
210
2816
416
3689
3691
487
695
1752
1004
12
1996
66
564
762
2495
3632
472
495
2738
2928
1609
3401
1336
155
2748
956
1867
3139
3314
3434
1445
2799
1881
3848
638
1525
2075
3137
3759
3235
1406
3222
469
1791
1549
1571
80
2164
2461
3731
3587
347
1389
3106
2753
2055
3025
917
964
990
3428
3610
2339
3520
2037
667
304
544
2862
3389
3590
2674
2873
136
2704
3232
3849
3449
3714
78
1657
1623
1330
2902
2073
1473
23
202
211
3626
1117
2577
167
3531
2773
385
3803
116
2593
2760
1612
2415
1696
2837
2849
2864
3830
831
2397
137
178
2733
2756
3716
3575
2790
3776
3799
888
103
3670
1126
2290
2589
2061
1780
2185
2187
2579
1598
875
1626
3835
640
3564
2778
61
2205
734
2215
2417
958
3239
1493
2675
1151
496
3306
1793
2767
3570
3431
3141
3886
3695
1804
1668
3410
2806
3495
3880
877
2500
359
3643
2445
1113
3165
2479
2979
1681
2807
2196
876
3240
270
3805
2876
1583
343
3562
2104
3371
55
2244
2092
1456
737
3913
2049
3734
2691
2813
2842
3319
2538
3537
3568
3754
1642
2637
3781
792
3218
3223
3402
3800
3850
3875
850
2362
2521
3333
2535
3346
166
503
3900
3909
2981
863
1002
1056
220
1987
2113
2865
3862
335
2515
1992
3611
3669
840
2383
2552
3775
3792
452
3154
2934
255
3043
1679
418
1102
479
2008
394
3325
746
1153
1154
2727
702
1494
3797
2284
3368
2422
3602
3171
1067
3482
2522
2536
79
1005
2260
3126
498
2237
1865
2627
1898
108
2643
612
1767
3597
3765
2192
3796
1669
2545
59
3902
1595
1864
1369
2653
3833
1149
3140
189
1163
1087
3492
3810
3511
415
518
1453
867
102
374
3309
598
563
729
2063
758
245
264
2825
3636
283
2850
1116
682
1504
2503
1570
2557
2705
53
925
3122
2511
2998
862
1902
484
711
1906
962
2177
3580
600
146
828
1829
3619
3847
833
2798
540
1352
1423
967
3486
3335
3532
2044
1006
3542
1604
1458
1846
2869
1038
712
3657
1507
64
1692
2400
980
2562
3931
3205
1168
445
2283
1741
3056
1026
1861
401
3143
870
2209
2211
2221
2227
389
1471
632
3131
3867
3884
776
1850
447
1144
2892
3845
1164
633
864
1575
3349
2758
3756
1565
3885
219
3294
3305
1503
767
238
3883
1814
241
3380
811
860
751
2440
3419
2632
3645
3888
823
2441
1671
844
716
3427
443
2317
869
2523
2242
1877
2831
2509
2977
2525
20
528
2101
3782
391
2526
3817
3311
853
1556
2974
1349
2835
1746
3517
2984
3601
3906
278
2775
433
2514
38
1993
397
3940
882
2945
1887
3085
2342
1167
1998
2923
2197
2853
3331
3586
2602
782
1685
1839
710
1444
2487
704
1872
3944
687
2886
3130
1928
796
2768
1988
2868
3941
2256
2257
3465
287
2855
3804
3665
1326
1335
664
2304
1531
3313
113
3343
2715
2755
3573
3757
92
567
2982
2047
1437
3641
656
2537
2962
2566
1138
392
1174
1426
3437
2032
1447
3523
2737
1534
3216
1825
3588
1659
1773
2964
3442
1869
3295
2931
557
2786
560
1497
3190
169
2466
297
706
2281
2878
696
3395
386
2658
3780
2834
3353
2332
2743
398
989
769
3136
3288
2207
2179
1739
192
3367
2679
1440
2477
1439
1599
3058
966
2299
3942
1523
1770
3180
3878
2510
489
3283
1520
1313
1105
2930
3057
2903
250
56
2156
3012
3887
3116
139
775
939
972
3595
1878
1915
2833
3644
2809
2292
437
460
90
815
559
2264
1990
3042
526
2190
3207
3041
1817
1851
3866
789
1830
114
3881
1427
2777
3432
3443
1325
874
1055
3767
130
3721
757
566
1890
1470
1490
1495
981
1675
1826
1886
470
2350
2368
2955
3642
652
2386
1455
679
2569
2358
1901
3344
3777
3242
478
554
3381
3003
3031
3184
1555
3818
3820
623
3609
1420
1567
2223
3233
985
2776
3303
3065
1139
2127
3533
1121
2326
3905
2783
3488
2636
2623
3663
3664
3592
3236
1574
430
1486
197
396
1323
2444
3215
992
3828
131
1316
1519
878
3648
2811
2452
3603
1181
584
1436
2821
1160
666
2191
3522
1930
701
726
3229
820
3337
138
3377
1040
530
1071
3778
200
614
1501
67
1364
3378
3563
1849
3164
310
1832
439
2854
756
134
1514
1553
1853
2914
1842
2309
887
3084
618
3748
624
1433
1434
1718
2960
2480
791
404
749
3652
2172
179
3656
3382
2246
2695
75
578
1636
2258
2543
3390
3607
3026
3374
2909
2198
